Capacity,BlockSize,Associativity,WriteThrough,WriteAllocate,MissRate,TotalTime
32768,1,1,0,0,0.321425,2571811
32768,1,1,0,1,0.297045,3504291
32768,1,1,1,0,0.321425,2471291
32768,1,1,1,1,0.297045,2606211
32768,2,1,0,0,0.321425,2571811
32768,2,1,0,1,0.297045,3504311
32768,2,1,1,0,0.321425,2471291
32768,2,1,1,1,0.297045,2606211
32768,4,1,0,0,0.321425,2571811
32768,4,1,0,1,0.297045,3504311
32768,4,1,1,0,0.321425,2471291
32768,4,1,1,1,0.297045,2606211
32768,8,1,0,0,0.321425,2571811
32768,8,1,0,1,0.297045,3504311
32768,8,1,1,0,0.321425,2471291
32768,8,1,1,1,0.297045,2606211
32768,16,1,0,0,0.281814,2454011
32768,16,1,0,1,0.257112,3361251
32768,16,1,1,0,0.281814,2343291
32768,16,1,1,1,0.257112,2437531
32768,32,1,0,0,0.282033,2494511
32768,32,1,0,1,0.256897,3406031
32768,32,1,1,0,0.282033,2366711
32768,32,1,1,1,0.256897,2442851
32768,64,1,0,0,0.232302,2294211
32768,64,1,0,1,0.206706,3214231
32768,64,1,1,0,0.232302,2151831
32768,64,1,1,1,0.206706,2211151
32768,128,1,0,0,0.206499,2181231
32768,128,1,0,1,0.179931,3107771
32768,128,1,1,0,0.206499,2035991
32768,128,1,1,1,0.179931,2087171
32768,256,1,0,0,0.19245,2099071
32768,256,1,0,1,0.159416,3027091
32768,256,1,1,0,0.19245,1964551
32768,256,1,1,1,0.159416,1992031
32768,1,2,0,0,0.308261,2487511
32768,1,2,0,1,0.276311,3417851
32768,1,2,1,0,0.308261,2406471
32768,1,2,1,1,0.276311,2517071
32768,2,2,0,0,0.308261,2487511
32768,2,2,0,1,0.276311,3417851
32768,2,2,1,0,0.308261,2406471
32768,2,2,1,1,0.276311,2517071
32768,4,2,0,0,0.308261,2487511
32768,4,2,0,1,0.276311,3417851
32768,4,2,1,0,0.308261,2406471
32768,4,2,1,1,0.276311,2517071
32768,8,2,0,0,0.308261,2487511
32768,8,2,0,1,0.276311,3417851
32768,8,2,1,0,0.308261,2406471
32768,8,2,1,1,0.276311,2517071
32768,16,2,0,0,0.261995,2345651
32768,16,2,0,1,0.237474,3263131
32768,16,2,1,0,0.261995,2259571
32768,16,2,1,1,0.237474,2346691
32768,32,2,0,0,0.266531,2423411
32768,32,2,0,1,0.243381,3345231
32768,32,2,1,0,0.266531,2307991
32768,32,2,1,1,0.243381,2379691
32768,64,2,0,0,0.222457,2256971
32768,64,2,0,1,0.200236,3188731
32768,64,2,1,0,0.222457,2123431
32768,64,2,1,1,0.200236,2180871
32768,128,2,0,0,0.197454,2149191
32768,128,2,0,1,0.175585,3093251
32768,128,2,1,0,0.197454,2014091
32768,128,2,1,1,0.175585,2066971
32768,256,2,0,0,0.180486,2057331
32768,256,2,0,1,0.152736,3003471
32768,256,2,1,0,0.180486,1932891
32768,256,2,1,1,0.152736,1960971
32768,1,4,0,0,0.297398,2436631
32768,1,4,0,1,0.26445,3372691
32768,1,4,1,0,0.297398,2367531
32768,1,4,1,1,0.26445,2461771
32768,2,4,0,0,0.297398,2436631
32768,2,4,0,1,0.26445,3372691
32768,2,4,1,0,0.297398,2367531
32768,2,4,1,1,0.26445,2461771
32768,4,4,0,0,0.297398,2436631
32768,4,4,0,1,0.26445,3372691
32768,4,4,1,0,0.297398,2367531
32768,4,4,1,1,0.26445,2461771
32768,8,4,0,0,0.297398,2436631
32768,8,4,0,1,0.26445,3372691
32768,8,4,1,0,0.297398,2367531
32768,8,4,1,1,0.26445,2461771
32768,16,4,0,0,0.247465,2278611
32768,16,4,0,1,0.225432,3209291
32768,16,4,1,0,0.247465,2208571
32768,16,4,1,1,0.225432,2290191
32768,32,4,0,0,0.257099,2383971
32768,32,4,0,1,0.237848,3318271
32768,32,4,1,0,0.257099,2280671
32768,32,4,1,1,0.237848,2354151
32768,64,4,0,0,0.218799,2246671
32768,64,4,0,1,0.199496,3188691
32768,64,4,1,0,0.218799,2120351
32768,64,4,1,1,0.199496,2177551
32768,128,4,0,0,0.193615,2135071
32768,128,4,0,1,0.173981,3086891
32768,128,4,1,0,0.193615,2006511
32768,128,4,1,1,0.173981,2059471
32768,256,4,0,0,0.176075,2038871
32768,256,4,0,1,0.150191,2991251
32768,256,4,1,0,0.176075,1920911
32768,256,4,1,1,0.150191,1949051
32768,1,8,0,0,0.289801,2399631
32768,1,8,0,1,0.256837,3336431
32768,1,8,1,0,0.289801,2336811
32768,1,8,1,1,0.256837,2426771
32768,2,8,0,0,0.289801,2399631
32768,2,8,0,1,0.256837,3336431
32768,2,8,1,0,0.289801,2336811
32768,2,8,1,1,0.256837,2426771
32768,4,8,0,0,0.289801,2399631
32768,4,8,0,1,0.256837,3336431
32768,4,8,1,0,0.289801,2336811
32768,4,8,1,1,0.256837,2426771
32768,8,8,0,0,0.289801,2399631
32768,8,8,0,1,0.256837,3336431
32768,8,8,1,0,0.289801,2336811
32768,8,8,1,1,0.256837,2426771
32768,16,8,0,0,0.236132,2223991
32768,16,8,0,1,0.216499,3165531
32768,16,8,1,0,0.236132,2166571
32768,16,8,1,1,0.216499,2249151
32768,32,8,0,0,0.254244,2366031
32768,32,8,0,1,0.236193,3306651
32768,32,8,1,0,0.254244,2271111
32768,32,8,1,1,0.236193,2346491
32768,64,8,0,0,0.219809,2249811
32768,64,8,0,1,0.200455,3192011
32768,64,8,1,0,0.219809,2125171
32768,64,8,1,1,0.200455,2182091
32768,128,8,0,0,0.193748,2135031
32768,128,8,0,1,0.173904,3086611
32768,128,8,1,0,0.193748,2006551
32768,128,8,1,1,0.173904,2059091
32768,256,8,0,0,0.175284,2036471
32768,256,8,0,1,0.149615,2989231
32768,256,8,1,0,0.175284,1918451
32768,256,8,1,1,0.149615,1946391
32768,1,16,0,0,0.288602,2393291
32768,1,16,0,1,0.254696,3327051
32768,1,16,1,0,0.288602,2331851
32768,1,16,1,1,0.254696,2416991
32768,2,16,0,0,0.288602,2393291
32768,2,16,0,1,0.254696,3327051
32768,2,16,1,0,0.288602,2331851
32768,2,16,1,1,0.254696,2416991
32768,4,16,0,0,0.288602,2393291
32768,4,16,0,1,0.254696,3327051
32768,4,16,1,0,0.288602,2331851
32768,4,16,1,1,0.254696,2416991
32768,8,16,0,0,0.288602,2393291
32768,8,16,0,1,0.254696,3327051
32768,8,16,1,0,0.288602,2331851
32768,8,16,1,1,0.254696,2416991
32768,16,16,0,0,0.230157,2197471
32768,16,16,0,1,0.211198,3142651
32768,16,16,1,0,0.230157,2144871
32768,16,16,1,1,0.211198,2224591
32768,32,16,0,0,0.251166,2349971
32768,32,16,0,1,0.234456,3296851
32768,32,16,1,0,0.251166,2261531
32768,32,16,1,1,0.234456,2338591
32768,64,16,0,0,0.219822,2250731
32768,64,16,0,1,0.200923,3194491
32768,64,16,1,0,0.219822,2127471
32768,64,16,1,1,0.200923,2184371
32768,128,16,0,0,0.193499,2133971
32768,128,16,0,1,0.173711,3085451
32768,128,16,1,0,0.193499,2005751
32768,128,16,1,1,0.173711,2058151
32768,256,16,0,0,0.174777,2034291
32768,256,16,0,1,0.149159,2987691
32768,256,16,1,0,0.174777,1916311
32768,256,16,1,1,0.149159,1944271
32768,1,32,0,0,0.288456,2392031
32768,1,32,0,1,0.254244,3325211
32768,1,32,1,0,0.288456,2331211
32768,1,32,1,1,0.254244,2415071
32768,2,32,0,0,0.288456,2392031
32768,2,32,0,1,0.254244,3325211
32768,2,32,1,0,0.288456,2331211
32768,2,32,1,1,0.254244,2415071
32768,4,32,0,0,0.288456,2392031
32768,4,32,0,1,0.254244,3325211
32768,4,32,1,0,0.288456,2331211
32768,4,32,1,1,0.254244,2415071
32768,8,32,0,0,0.288456,2392031
32768,8,32,0,1,0.254244,3325211
32768,8,32,1,0,0.288456,2331211
32768,8,32,1,1,0.254244,2415071
32768,16,32,0,0,0.22854,2190131
32768,16,32,0,1,0.209586,3135091
32768,16,32,1,0,0.22854,2138731
32768,16,32,1,1,0.209586,2217111
32768,32,32,0,0,0.249434,2343191
32768,32,32,0,1,0.234112,3296011
32768,32,32,1,0,0.249434,2256991
32768,32,32,1,1,0.234112,2336951
32768,64,32,0,0,0.220278,2254171
32768,64,32,0,1,0.201719,3198951
32768,64,32,1,0,0.220278,2130191
32768,64,32,1,1,0.201719,2188111
32768,128,32,0,0,0.193078,2132591
32768,128,32,0,1,0.173638,3085391
32768,128,32,1,0,0.193078,2005171
32768,128,32,1,1,0.173638,2057791
32768,256,32,0,0,0.174764,2033871
32768,256,32,0,1,0.149137,2987671
32768,256,32,1,0,0.174764,1916111
32768,256,32,1,1,0.149137,1944131
65536,1,1,0,0,0.286066,2402591
65536,1,1,0,1,0.259085,3339031
65536,1,1,1,0,0.286066,2330431
65536,1,1,1,1,0.259085,2425591
65536,2,1,0,0,0.286066,2402591
65536,2,1,0,1,0.259085,3339031
65536,2,1,1,0,0.286066,2330431
65536,2,1,1,1,0.259085,2425591
65536,4,1,0,0,0.286066,2402591
65536,4,1,0,1,0.259085,3339031
65536,4,1,1,0,0.286066,2330431
65536,4,1,1,1,0.259085,2425591
65536,8,1,0,0,0.286066,2402591
65536,8,1,0,1,0.259085,3339031
65536,8,1,1,0,0.286066,2330431
65536,8,1,1,1,0.259085,2425591
65536,16,1,0,0,0.238755,2270271
65536,16,1,0,1,0.220398,3190611
65536,16,1,1,0,0.238755,2184631
65536,16,1,1,1,0.220398,2253791
65536,32,1,0,0,0.239812,2318311
65536,32,1,0,1,0.221791,3258631
65536,32,1,1,0,0.239812,2215831
65536,32,1,1,1,0.221791,2275731
65536,64,1,0,0,0.193396,2136331
65536,64,1,0,1,0.176054,3082931
65536,64,1,1,0,0.193396,2019611
65536,64,1,1,1,0.176054,2067691
65536,128,1,0,0,0.17255,2050011
65536,128,1,0,1,0.154597,2997071
65536,128,1,1,0,0.17255,1925611
65536,128,1,1,1,0.154597,1968971
65536,256,1,0,0,0.162542,1984031
65536,256,1,0,1,0.138274,2933951
65536,256,1,1,0,0.162542,1871131
65536,256,1,1,1,0.138274,1893451
65536,1,2,0,0,0.270817,2323171
65536,1,2,0,1,0.238802,3268031
65536,1,2,1,0,0.270817,2273451
65536,1,2,1,1,0.238802,2322551
65536,2,2,0,0,0.270817,2323171
65536,2,2,0,1,0.238802,3268031
65536,2,2,1,0,0.270817,2273451
65536,2,2,1,1,0.238802,2322551
65536,4,2,0,0,0.270817,2323171
65536,4,2,0,1,0.238802,3268031
65536,4,2,1,0,0.270817,2273451
65536,4,2,1,1,0.238802,2322551
65536,8,2,0,0,0.270817,2323171
65536,8,2,0,1,0.238802,3268031
65536,8,2,1,0,0.270817,2273451
65536,8,2,1,1,0.238802,2322551
65536,16,2,0,0,0.222492,2184971
65536,16,2,0,1,0.207875,3126651
65536,16,2,1,0,0.222492,2125251
65536,16,2,1,1,0.207875,2196531
65536,32,2,0,0,0.223205,2240451
65536,32,2,0,1,0.210141,3197651
65536,32,2,1,0,0.223205,2160291
65536,32,2,1,1,0.210141,2222331
65536,64,2,0,0,0.180516,2079931
65536,64,2,0,1,0.168216,3041031
65536,64,2,1,0,0.180516,1981711
65536,64,2,1,1,0.168216,2031491
65536,128,2,0,0,0.16209,2009671
65536,128,2,0,1,0.149511,2973351
65536,128,2,1,0,0.16209,1900071
65536,128,2,1,1,0.149511,1945531
65536,256,2,0,0,0.150956,1945311
65536,256,2,0,1,0.132612,2913591
65536,256,2,1,0,0.150956,1844331
65536,256,2,1,1,0.132612,1867191
65536,1,4,0,0,0.266436,2301251
65536,1,4,0,1,0.239172,3271971
65536,1,4,1,0,0.266436,2252431
65536,1,4,1,1,0.239172,2333931
65536,2,4,0,0,0.266436,2301251
65536,2,4,0,1,0.239172,3271971
65536,2,4,1,0,0.266436,2252431
65536,2,4,1,1,0.239172,2333931
65536,4,4,0,0,0.266436,2301251
65536,4,4,0,1,0.239172,3271971
65536,4,4,1,0,0.266436,2252431
65536,4,4,1,1,0.239172,2333931
65536,8,4,0,0,0.266436,2301251
65536,8,4,0,1,0.239172,3271971
65536,8,4,1,0,0.266436,2252431
65536,8,4,1,1,0.239172,2333931
65536,16,4,0,0,0.217819,2160651
65536,16,4,0,1,0.200077,3103851
65536,16,4,1,0,0.217819,2101511
65536,16,4,1,1,0.200077,2165931
65536,32,4,0,0,0.207307,2170771
65536,32,4,0,1,0.194767,3135411
65536,32,4,1,0,0.207307,2098031
65536,32,4,1,1,0.194767,2150631
65536,64,4,0,0,0.167842,2026611
65536,64,4,0,1,0.157985,2992771
65536,64,4,1,0,0.167842,1935791
65536,64,4,1,1,0.157985,1983791
65536,128,4,0,0,0.158105,1991831
65536,128,4,0,1,0.147805,2964891
65536,128,4,1,0,0.158105,1889871
65536,128,4,1,1,0.147805,1937711
65536,256,4,0,0,0.147452,1933851
65536,256,4,0,1,0.131438,2909871
65536,256,4,1,0,0.147452,1837971
65536,256,4,1,1,0.131438,1861731
65536,1,8,0,0,0.264897,2292771
65536,1,8,0,1,0.239348,3274071
65536,1,8,1,0,0.264897,2246711
65536,1,8,1,1,0.239348,2338731
65536,2,8,0,0,0.264897,2292771
65536,2,8,0,1,0.239348,3274071
65536,2,8,1,0,0.264897,2246711
65536,2,8,1,1,0.239348,2338731
65536,4,8,0,0,0.264897,2292771
65536,4,8,0,1,0.239348,3274071
65536,4,8,1,0,0.264897,2246711
65536,4,8,1,1,0.239348,2338731
65536,8,8,0,0,0.264897,2292771
65536,8,8,0,1,0.239348,3274071
65536,8,8,1,0,0.264897,2246711
65536,8,8,1,1,0.239348,2338731
65536,16,8,0,0,0.214139,2147231
65536,16,8,0,1,0.196607,3090331
65536,16,8,1,0,0.214139,2088891
65536,16,8,1,1,0.196607,2149311
65536,32,8,0,0,0.200704,2141811
65536,32,8,0,1,0.189024,3106251
65536,32,8,1,0,0.200704,2072711
65536,32,8,1,1,0.189024,2123991
65536,64,8,0,0,0.162219,2001151
65536,64,8,0,1,0.153888,2972431
65536,64,8,1,0,0.162219,1916131
65536,64,8,1,1,0.153888,1964711
65536,128,8,0,0,0.157155,1988971
65536,128,8,0,1,0.147831,2964151
65536,128,8,1,0,0.157155,1889991
65536,128,8,1,1,0.147831,1937991
65536,256,8,0,0,0.145513,1927991
65536,256,8,0,1,0.130935,2908191
65536,256,8,1,0,0.145513,1835431
65536,256,8,1,1,0.130935,1859471
65536,1,16,0,0,0.265615,2299831
65536,1,16,0,1,0.240535,3279651
65536,1,16,1,0,0.265615,2252891
65536,1,16,1,1,0.240535,2347131
65536,2,16,0,0,0.265615,2299831
65536,2,16,0,1,0.240535,3279651
65536,2,16,1,0,0.265615,2252891
65536,2,16,1,1,0.240535,2347131
65536,4,16,0,0,0.265615,2299831
65536,4,16,0,1,0.240535,3279651
65536,4,16,1,0,0.265615,2252891
65536,4,16,1,1,0.240535,2347131
65536,8,16,0,0,0.265615,2299831
65536,8,16,0,1,0.240535,3279651
65536,8,16,1,0,0.265615,2252891
65536,8,16,1,1,0.240535,2347131
65536,16,16,0,0,0.214001,2146791
65536,16,16,0,1,0.196728,3090171
65536,16,16,1,0,0.214001,2088551
65536,16,16,1,1,0.196728,2149971
65536,32,16,0,0,0.198194,2131151
65536,32,16,0,1,0.186977,3096551
65536,32,16,1,0,0.198194,2063211
65536,32,16,1,1,0.186977,2114651
65536,64,16,0,0,0.158118,1982851
65536,64,16,0,1,0.150255,2955351
65536,64,16,1,0,0.158118,1899871
65536,64,16,1,1,0.150255,1947871
65536,128,16,0,0,0.157985,1994251
65536,128,16,0,1,0.149008,2970131
65536,128,16,1,0,0.157985,1895671
65536,128,16,1,1,0.149008,1943431
65536,256,16,0,0,0.145118,1927171
65536,256,16,0,1,0.130832,2908531
65536,256,16,1,0,0.145118,1834671
65536,256,16,1,1,0.130832,1859071
65536,1,32,0,0,0.26804,2310071
65536,1,32,0,1,0.240345,3279871
65536,1,32,1,0,0.26804,2263071
65536,1,32,1,1,0.240345,2346831
65536,2,32,0,0,0.26804,2310071
65536,2,32,0,1,0.240345,3279871
65536,2,32,1,0,0.26804,2263071
65536,2,32,1,1,0.240345,2346831
65536,4,32,0,0,0.26804,2310071
65536,4,32,0,1,0.240345,3279871
65536,4,32,1,0,0.26804,2263071
65536,4,32,1,1,0.240345,2346831
65536,8,32,0,0,0.26804,2310071
65536,8,32,0,1,0.240345,3279871
65536,8,32,1,0,0.26804,2263071
65536,8,32,1,1,0.240345,2346831
65536,16,32,0,0,0.214053,2147191
65536,16,32,0,1,0.196826,3090991
65536,16,32,1,0,0.214053,2088691
65536,16,32,1,1,0.196826,2150671
65536,32,32,0,0,0.197772,2129131
65536,32,32,0,1,0.186569,3094451
65536,32,32,1,0,0.197772,2061451
65536,32,32,1,1,0.186569,2112731
65536,64,32,0,0,0.155384,1971451
65536,64,32,0,1,0.14814,2945451
65536,64,32,1,0,0.155384,1889531
65536,64,32,1,1,0.14814,1937991
65536,128,32,0,0,0.158724,1997711
65536,128,32,0,1,0.149864,2973691
65536,128,32,1,0,0.158724,1899831
65536,128,32,1,1,0.149864,1947451
65536,256,32,0,0,0.145122,1928131
65536,256,32,0,1,0.130961,2909351
65536,256,32,1,0,0.145122,1835271
65536,256,32,1,1,0.130961,1859671
131072,1,1,0,0,0.262275,2282371
131072,1,1,0,1,0.227616,3220771
131072,1,1,1,0,0.262275,2232431
131072,1,1,1,1,0.227616,2271871
131072,2,1,0,0,0.262275,2282371
131072,2,1,0,1,0.227616,3220771
131072,2,1,1,0,0.262275,2232431
131072,2,1,1,1,0.227616,2271871
131072,4,1,0,0,0.262275,2282371
131072,4,1,0,1,0.227616,3220771
131072,4,1,1,0,0.262275,2232431
131072,4,1,1,1,0.227616,2271871
131072,8,1,0,0,0.262275,2282371
131072,8,1,0,1,0.227616,3220771
131072,8,1,1,0,0.262275,2232431
131072,8,1,1,1,0.227616,2271871
131072,16,1,0,0,0.211357,2144311
131072,16,1,0,1,0.192725,3081811
131072,16,1,1,0,0.211357,2082051
131072,16,1,1,1,0.192725,2119491
131072,32,1,0,0,0.202892,2155391
131072,32,1,0,1,0.186457,3104851
131072,32,1,1,0,0.202892,2074751
131072,32,1,1,1,0.186457,2105571
131072,64,1,0,0,0.155784,1970551
131072,64,1,0,1,0.139112,2919531
131072,64,1,1,0,0.155784,1879651
131072,64,1,1,1,0.139112,1892171
131072,128,1,0,0,0.132444,1877731
131072,128,1,0,1,0.119066,2842071
131072,128,1,1,0,0.132444,1782711
131072,128,1,1,1,0.119066,1802811
131072,256,1,0,0,0.120265,1807911
131072,256,1,0,1,0.105004,2784431
131072,256,1,1,0,0.120265,1727051
131072,256,1,1,1,0.105004,1738551
131072,1,2,0,0,0.243101,2195911
131072,1,2,0,1,0.210738,3151331
131072,1,2,1,0,0.243101,2164251
131072,1,2,1,1,0.210738,2192071
131072,2,2,0,0,0.243101,2195911
131072,2,2,0,1,0.210738,3151331
131072,2,2,1,0,0.243101,2164251
131072,2,2,1,1,0.210738,2192071
131072,4,2,0,0,0.243101,2195911
131072,4,2,0,1,0.210738,3151331
131072,4,2,1,0,0.243101,2164251
131072,4,2,1,1,0.210738,2192071
131072,8,2,0,0,0.243101,2195911
131072,8,2,0,1,0.210738,3151331
131072,8,2,1,0,0.243101,2164251
131072,8,2,1,1,0.210738,2192071
131072,16,2,0,0,0.193478,2063151
131072,16,2,0,1,0.17896,3016711
131072,16,2,1,0,0.193478,2018251
131072,16,2,1,1,0.17896,2053051
131072,32,2,0,0,0.187708,2088591
131072,32,2,0,1,0.176793,3058411
131072,32,2,1,0,0.187708,2026871
131072,32,2,1,1,0.176793,2061451
131072,64,2,0,0,0.142465,1918151
131072,64,2,0,1,0.13253,2889651
131072,64,2,1,0,0.142465,1842031
131072,64,2,1,1,0.13253,1863151
131072,128,2,0,0,0.120704,1834631
131072,128,2,0,1,0.1134,2815491
131072,128,2,1,0,0.120704,1751131
131072,128,2,1,1,0.1134,1776911
131072,256,2,0,0,0.110236,1774251
131072,256,2,0,1,0.100382,2764971
131072,256,2,1,0,0.110236,1703951
131072,256,2,1,1,0.100382,1717171
131072,1,4,0,0,0.24053,2183131
131072,1,4,0,1,0.206357,3137551
131072,1,4,1,0,0.24053,2155631
131072,1,4,1,1,0.206357,2170891
131072,2,4,0,0,0.24053,2183131
131072,2,4,0,1,0.206357,3137551
131072,2,4,1,0,0.24053,2155631
131072,2,4,1,1,0.206357,2170891
131072,4,4,0,0,0.24053,2183131
131072,4,4,0,1,0.206357,3137551
131072,4,4,1,0,0.24053,2155631
131072,4,4,1,1,0.206357,2170891
131072,8,4,0,0,0.24053,2183131
131072,8,4,0,1,0.206357,3137551
131072,8,4,1,0,0.24053,2155631
131072,8,4,1,1,0.206357,2170891
131072,16,4,0,0,0.190086,2051231
131072,16,4,0,1,0.176041,3006651
131072,16,4,1,0,0.190086,2009551
131072,16,4,1,1,0.176041,2038751
131072,32,4,0,0,0.184334,2074431
131072,32,4,0,1,0.174691,3048231
131072,32,4,1,0,0.184334,2015351
131072,32,4,1,1,0.174691,2051531
131072,64,4,0,0,0.138553,1904331
131072,64,4,0,1,0.13069,2881191
131072,64,4,1,0,0.138553,1829791
131072,64,4,1,1,0.13069,1854611
131072,128,4,0,0,0.115966,1817091
131072,128,4,0,1,0.111336,2800431
131072,128,4,1,0,0.115966,1737071
131072,128,4,1,1,0.111336,1767311
131072,256,4,0,0,0.107192,1765511
131072,256,4,0,1,0.0995267,2760411
131072,256,4,1,0,0.107192,1698071
131072,256,4,1,1,0.0995267,1713191
131072,1,8,0,0,0.240642,2182891
131072,1,8,0,1,0.206241,3136831
131072,1,8,1,0,0.240642,2155791
131072,1,8,1,1,0.206241,2170731
131072,2,8,0,0,0.240642,2182891
131072,2,8,0,1,0.206241,3136831
131072,2,8,1,0,0.240642,2155791
131072,2,8,1,1,0.206241,2170731
131072,4,8,0,0,0.240642,2182891
131072,4,8,0,1,0.206241,3136831
131072,4,8,1,0,0.240642,2155791
131072,4,8,1,1,0.206241,2170731
131072,8,8,0,0,0.240642,2182891
131072,8,8,0,1,0.206241,3136831
131072,8,8,1,0,0.240642,2155791
131072,8,8,1,1,0.206241,2170731
131072,16,8,0,0,0.188056,2041591
131072,16,8,0,1,0.175288,3009251
131072,16,8,1,0,0.188056,2002631
131072,16,8,1,1,0.175288,2038471
131072,32,8,0,0,0.181905,2065991
131072,32,8,0,1,0.171471,3041751
131072,32,8,1,0,0.181905,2006011
131072,32,8,1,1,0.171471,2038771
131072,64,8,0,0,0.133467,1885831
131072,64,8,0,1,0.12536,2867871
131072,64,8,1,0,0.133467,1812071
131072,64,8,1,1,0.12536,1830251
131072,128,8,0,0,0.112376,1802811
131072,128,8,0,1,0.10886,2786011
131072,128,8,1,0,0.112376,1724091
131072,128,8,1,1,0.10886,1755791
131072,256,8,0,0,0.105816,1759511
131072,256,8,0,1,0.0988689,2756651
131072,256,8,1,0,0.105816,1693851
131072,256,8,1,1,0.0988689,1710171
131072,1,16,0,0,0.24081,2184191
131072,1,16,0,1,0.206478,3138671
131072,1,16,1,0,0.24081,2156731
131072,1,16,1,1,0.206478,2172431
131072,2,16,0,0,0.24081,2184191
131072,2,16,0,1,0.206478,3138671
131072,2,16,1,0,0.24081,2156731
131072,2,16,1,1,0.206478,2172431
131072,4,16,0,0,0.24081,2184191
131072,4,16,0,1,0.206478,3138671
131072,4,16,1,0,0.24081,2156731
131072,4,16,1,1,0.206478,2172431
131072,8,16,0,0,0.24081,2184191
131072,8,16,0,1,0.206478,3138671
131072,8,16,1,0,0.24081,2156731
131072,8,16,1,1,0.206478,2172431
131072,16,16,0,0,0.186995,2037491
131072,16,16,0,1,0.173573,3001151
131072,16,16,1,0,0.186995,1999751
131072,16,16,1,1,0.173573,2029591
131072,32,16,0,0,0.181702,2065651
131072,32,16,0,1,0.170792,3040071
131072,32,16,1,0,0.181702,2005311
131072,32,16,1,1,0.170792,2035831
131072,64,16,0,0,0.132969,1884011
131072,64,16,0,1,0.124839,2867331
131072,64,16,1,0,0.132969,1810271
131072,64,16,1,1,0.124839,1827791
131072,128,16,0,0,0.110751,1795431
131072,128,16,0,1,0.10794,2780931
131072,128,16,1,0,0.110751,1717931
131072,128,16,1,1,0.10794,1751591
131072,256,16,0,0,0.104681,1752151
131072,256,16,0,1,0.0979145,2750531
131072,256,16,1,0,0.104681,1688671
131072,256,16,1,1,0.0979145,1705751
131072,1,32,0,0,0.240969,2185191
131072,1,32,0,1,0.206516,3139171
131072,1,32,1,0,0.240969,2157631
131072,1,32,1,1,0.206516,2172671
131072,2,32,0,0,0.240969,2185191
131072,2,32,0,1,0.206516,3139171
131072,2,32,1,0,0.240969,2157631
131072,2,32,1,1,0.206516,2172671
131072,4,32,0,0,0.240969,2185191
131072,4,32,0,1,0.206516,3139171
131072,4,32,1,0,0.240969,2157631
131072,4,32,1,1,0.206516,2172671
131072,8,32,0,0,0.240969,2185191
131072,8,32,0,1,0.206516,3139171
131072,8,32,1,0,0.240969,2157631
131072,8,32,1,1,0.206516,2172671
131072,16,32,0,0,0.186762,2036271
131072,16,32,0,1,0.172838,2997691
131072,16,32,1,0,0.186762,1998871
131072,16,32,1,1,0.172838,2025831
131072,32,32,0,0,0.181986,2067311
131072,32,32,0,1,0.171019,3040811
131072,32,32,1,0,0.181986,2006331
131072,32,32,1,1,0.171019,2037031
131072,64,32,0,0,0.132939,1884091
131072,64,32,0,1,0.124912,2868111
131072,64,32,1,0,0.132939,1810291
131072,64,32,1,1,0.124912,1828171
131072,128,32,0,0,0.110584,1794391
131072,128,32,0,1,0.107686,2778371
131072,128,32,1,0,0.110584,1716711
131072,128,32,1,1,0.107686,1750391
131072,256,32,0,0,0.103482,1747211
131072,256,32,0,1,0.0969903,2745411
131072,256,32,1,0,0.103482,1684131
131072,256,32,1,1,0.0969903,1701431
262144,1,1,0,0,0.211611,2053551
262144,1,1,0,1,0.178401,3004851
262144,1,1,1,0,0.211611,2011911
262144,1,1,1,1,0.178401,2041351
262144,2,1,0,0,0.211611,2053551
262144,2,1,0,1,0.178401,3004851
262144,2,1,1,0,0.211611,2011911
262144,2,1,1,1,0.178401,2041351
262144,4,1,0,0,0.211611,2053551
262144,4,1,0,1,0.178401,3004851
262144,4,1,1,0,0.211611,2011911
262144,4,1,1,1,0.178401,2041351
262144,8,1,0,0,0.211611,2053551
262144,8,1,0,1,0.178401,3004851
262144,8,1,1,0,0.211611,2011911
262144,8,1,1,1,0.178401,2041351
262144,16,1,0,0,0.169816,1959951
262144,16,1,0,1,0.154915,2916571
262144,16,1,1,0,0.169816,1907631
262144,16,1,1,1,0.154915,1939831
262144,32,1,0,0,0.148084,1913231
262144,32,1,0,1,0.137092,2884751
262144,32,1,1,0,0.148084,1847031
262144,32,1,1,1,0.137092,1872351
262144,64,1,0,0,0.105236,1741571
262144,64,1,0,1,0.0919002,2697931
262144,64,1,1,0,0.105236,1672411
262144,64,1,1,1,0.0919002,1669951
262144,128,1,0,0,0.083616,1649651
262144,128,1,0,1,0.0721032,2615591
262144,128,1,1,0,0.083616,1581531
262144,128,1,1,1,0.0721032,1582751
262144,256,1,0,0,0.0748976,1597031
262144,256,1,0,1,0.0631827,2580151
262144,256,1,1,0,0.0748976,1541311
262144,256,1,1,1,0.0631827,1543751
262144,1,2,0,0,0.204543,2011931
262144,1,2,0,1,0.171471,2975611
262144,1,2,1,0,0.204543,1993591
262144,1,2,1,1,0.171471,2006951
262144,2,2,0,0,0.204543,2011931
262144,2,2,0,1,0.171471,2975611
262144,2,2,1,0,0.204543,1993591
262144,2,2,1,1,0.171471,2006951
262144,4,2,0,0,0.204543,2011931
262144,4,2,0,1,0.171471,2975611
262144,4,2,1,0,0.204543,1993591
262144,4,2,1,1,0.171471,2006951
262144,8,2,0,0,0.204543,2011931
262144,8,2,0,1,0.171471,2975611
262144,8,2,1,0,0.204543,1993591
262144,8,2,1,1,0.171471,2006951
262144,16,2,0,0,0.160427,1913911
262144,16,2,0,1,0.148548,2883351
262144,16,2,1,0,0.160427,1887211
262144,16,2,1,1,0.148548,1908231
262144,32,2,0,0,0.142371,1880871
262144,32,2,0,1,0.134942,2866871
262144,32,2,1,0,0.142371,1841251
262144,32,2,1,1,0.134942,1862131
262144,64,2,0,0,0.100679,1720311
262144,64,2,0,1,0.0912296,2690551
262144,64,2,1,0,0.100679,1670791
262144,64,2,1,1,0.0912296,1666051
262144,128,2,0,0,0.0792525,1637371
262144,128,2,0,1,0.0733327,2622211
262144,128,2,1,0,0.0792525,1586571
262144,128,2,1,1,0.0733327,1588211
262144,256,2,0,0,0.0697215,1588231
262144,256,2,0,1,0.0649024,2591731
262144,256,2,1,0,0.0697215,1549111
262144,256,2,1,1,0.0649024,1551851
262144,1,4,0,0,0.209599,2034271
262144,1,4,0,1,0.176991,2998611
262144,1,4,1,0,0.209599,2019851
262144,1,4,1,1,0.176991,2032631
262144,2,4,0,0,0.209599,2034271
262144,2,4,0,1,0.176991,2998611
262144,2,4,1,0,0.209599,2019851
262144,2,4,1,1,0.176991,2032631
262144,4,4,0,0,0.209599,2034271
262144,4,4,0,1,0.176991,2998611
262144,4,4,1,0,0.209599,2019851
262144,4,4,1,1,0.176991,2032631
262144,8,4,0,0,0.209599,2034271
262144,8,4,0,1,0.176991,2998611
262144,8,4,1,0,0.209599,2019851
262144,8,4,1,1,0.176991,2032631
262144,16,4,0,0,0.163393,1927171
262144,16,4,0,1,0.151953,2894971
262144,16,4,1,0,0.163393,1905031
262144,16,4,1,1,0.151953,1923531
262144,32,4,0,0,0.144593,1891891
262144,32,4,0,1,0.137036,2875871
262144,32,4,1,0,0.144593,1856071
262144,32,4,1,1,0.137036,1871591
262144,64,4,0,0,0.101964,1725791
262144,64,4,0,1,0.0933791,2699351
262144,64,4,1,0,0.101964,1680751
262144,64,4,1,1,0.0933791,1675631
262144,128,4,0,0,0.0817674,1650871
262144,128,4,0,1,0.0768235,2641171
262144,128,4,1,0,0.0817674,1602631
262144,128,4,1,1,0.0768235,1604491
262144,256,4,0,0,0.0711402,1597291
262144,256,4,0,1,0.0673227,2604191
262144,256,4,1,0,0.0711402,1560311
262144,256,4,1,1,0.0673227,1563151
262144,1,8,0,0,0.212552,2048591
262144,1,8,0,1,0.180907,3018531
262144,1,8,1,0,0.212552,2035891
262144,1,8,1,1,0.180907,2050291
262144,2,8,0,0,0.212552,2048591
262144,2,8,0,1,0.180907,3018531
262144,2,8,1,0,0.212552,2035891
262144,2,8,1,1,0.180907,2050291
262144,4,8,0,0,0.212552,2048591
262144,4,8,0,1,0.180907,3018531
262144,4,8,1,0,0.212552,2035891
262144,4,8,1,1,0.180907,2050291
262144,8,8,0,0,0.212552,2048591
262144,8,8,0,1,0.180907,3018531
262144,8,8,1,0,0.212552,2035891
262144,8,8,1,1,0.180907,2050291
262144,16,8,0,0,0.164395,1936091
262144,16,8,0,1,0.153888,2905091
262144,16,8,1,0,0.164395,1915371
262144,16,8,1,1,0.153888,1932331
262144,32,8,0,0,0.147525,1906391
262144,32,8,0,1,0.140453,2892411
262144,32,8,1,0,0.147525,1873091
262144,32,8,1,1,0.140453,1887351
262144,64,8,0,0,0.104415,1737451
262144,64,8,0,1,0.0960187,2710711
262144,64,8,1,0,0.104415,1695311
262144,64,8,1,1,0.0960187,1687431
262144,128,8,0,0,0.0835171,1658771
262144,128,8,0,1,0.0787323,2649091
262144,128,8,1,0,0.0835171,1611731
262144,128,8,1,1,0.0787323,1613491
262144,256,8,0,0,0.0716045,1599151
262144,256,8,0,1,0.0678687,2606231
262144,256,8,1,0,0.0716045,1562991
262144,256,8,1,1,0.0678687,1565711
262144,1,16,0,0,0.215054,2059011
262144,1,16,0,1,0.182678,3024631
262144,1,16,1,0,0.215054,2047111
262144,1,16,1,1,0.182678,2058411
262144,2,16,0,0,0.215054,2059011
262144,2,16,0,1,0.182678,3024631
262144,2,16,1,0,0.215054,2047111
262144,2,16,1,1,0.182678,2058411
262144,4,16,0,0,0.215054,2059011
262144,4,16,0,1,0.182678,3024631
262144,4,16,1,0,0.215054,2047111
262144,4,16,1,1,0.182678,2058411
262144,8,16,0,0,0.215054,2059011
262144,8,16,0,1,0.182678,3024631
262144,8,16,1,0,0.215054,2047111
262144,8,16,1,1,0.182678,2058411
262144,16,16,0,0,0.164902,1937531
262144,16,16,0,1,0.154133,2904791
262144,16,16,1,0,0.164902,1918691
262144,16,16,1,1,0.154133,1933171
262144,32,16,0,0,0.151188,1923051
262144,32,16,0,1,0.144546,2910891
262144,32,16,1,0,0.151188,1892451
262144,32,16,1,1,0.144546,1906511
262144,64,16,0,0,0.10647,1746251
262144,64,16,0,1,0.098323,2720331
262144,64,16,1,0,0.10647,1706131
262144,64,16,1,1,0.098323,1697951
262144,128,16,0,0,0.084407,1663651
262144,128,16,0,1,0.0796394,2653971
262144,128,16,1,0,0.084407,1616151
262144,128,16,1,1,0.0796394,1617771
262144,256,16,0,0,0.0712219,1598151
262144,256,16,0,1,0.0677784,2605631
262144,256,16,1,0,0.0712219,1562711
262144,256,16,1,1,0.0677784,1565251
262144,1,32,0,0,0.215884,2062971
262144,1,32,0,1,0.182928,3024271
262144,1,32,1,0,0.215884,2052571
262144,1,32,1,1,0.182928,2059251
262144,2,32,0,0,0.215884,2062971
262144,2,32,0,1,0.182928,3024271
262144,2,32,1,0,0.215884,2052571
262144,2,32,1,1,0.182928,2059251
262144,4,32,0,0,0.215884,2062971
262144,4,32,0,1,0.182928,3024271
262144,4,32,1,0,0.215884,2052571
262144,4,32,1,1,0.182928,2059251
262144,8,32,0,0,0.215884,2062971
262144,8,32,0,1,0.182928,3024271
262144,8,32,1,0,0.215884,2052571
262144,8,32,1,1,0.182928,2059251
262144,16,32,0,0,0.16553,1939071
262144,16,32,0,1,0.154623,2905651
262144,16,32,1,0,0.16553,1921631
262144,16,32,1,1,0.154623,1934991
262144,32,32,0,0,0.153037,1931271
262144,32,32,0,1,0.146683,2919651
262144,32,32,1,0,0.153037,1901791
262144,32,32,1,1,0.146683,1916031
262144,64,32,0,0,0.107016,1748091
262144,64,32,0,1,0.0989205,2722311
262144,64,32,1,0,0.107016,1709231
262144,64,32,1,1,0.0989205,1700551
262144,128,32,0,0,0.0849659,1666611
262144,128,32,0,1,0.0801639,2656731
262144,128,32,1,0,0.0849659,1618471
262144,128,32,1,1,0.0801639,1620011
262144,256,32,0,0,0.0713165,1598471
262144,256,32,0,1,0.0679933,2606571
262144,256,32,1,0,0.0713165,1563371
262144,256,32,1,1,0.0679933,1566311
524288,1,1,0,0,0.158342,1791891
524288,1,1,0,1,0.122092,2749531
524288,1,1,1,0,0.158342,1781831
524288,1,1,1,1,0.122092,1775951
524288,2,1,0,0,0.158342,1791891
524288,2,1,0,1,0.122092,2749531
524288,2,1,1,0,0.158342,1781831
524288,2,1,1,1,0.122092,1775951
524288,4,1,0,0,0.158342,1791891
524288,4,1,0,1,0.122092,2749531
524288,4,1,1,0,0.158342,1781831
524288,4,1,1,1,0.122092,1775951
524288,8,1,0,0,0.158342,1791891
524288,8,1,0,1,0.122092,2749531
524288,8,1,1,0,0.158342,1781831
524288,8,1,1,1,0.122092,1775951
524288,16,1,0,0,0.111108,1675171
524288,16,1,0,1,0.0944452,2637631
524288,16,1,1,0,0.111108,1663591
524288,16,1,1,1,0.0944452,1654351
524288,32,1,0,0,0.0782809,1570291
524288,32,1,0,1,0.0687328,2551551
524288,32,1,1,0,0.0782809,1556951
524288,32,1,1,1,0.0687328,1551191
524288,64,1,0,0,0.0426033,1430591
524288,64,1,0,1,0.0364772,2416291
524288,64,1,1,0,0.0426033,1420111
524288,64,1,1,1,0.0364772,1408991
524288,128,1,0,0,0.0245775,1351751
524288,128,1,0,1,0.0199303,2349791
524288,128,1,1,0,0.0245775,1343371
524288,128,1,1,1,0.0199303,1337871
524288,256,1,0,0,0.0158118,1312511
524288,256,1,0,1,0.0116804,2318351
524288,256,1,1,0,0.0158118,1304971
524288,256,1,1,1,0.0116804,1303811
524288,1,2,0,0,0.154344,1772831
524288,1,2,0,1,0.119229,2735291
524288,1,2,1,0,0.154344,1771891
524288,1,2,1,1,0.119229,1761711
524288,2,2,0,0,0.154344,1772831
524288,2,2,0,1,0.119229,2735291
524288,2,2,1,0,0.154344,1771891
524288,2,2,1,1,0.119229,1761711
524288,4,2,0,0,0.154344,1772831
524288,4,2,0,1,0.119229,2735291
524288,4,2,1,0,0.154344,1771891
524288,4,2,1,1,0.119229,1761711
524288,8,2,0,0,0.154344,1772831
524288,8,2,0,1,0.119229,2735291
524288,8,2,1,0,0.154344,1771891
524288,8,2,1,1,0.119229,1761711
524288,16,2,0,0,0.106624,1657431
524288,16,2,0,1,0.0928546,2626231
524288,16,2,1,0,0.106624,1655451
524288,16,2,1,1,0.0928546,1645831
524288,32,2,0,0,0.0743258,1550611
524288,32,2,0,1,0.0667982,2538411
524288,32,2,1,0,0.0743258,1547011
524288,32,2,1,1,0.0667982,1541051
524288,64,2,0,0,0.0394564,1417091
524288,64,2,0,1,0.0348651,2407911
524288,64,2,1,0,0.0394564,1412671
524288,64,2,1,1,0.0348651,1400811
524288,128,2,0,0,0.021508,1343011
524288,128,2,0,1,0.0188125,2346311
524288,128,2,1,0,0.021508,1338131
524288,128,2,1,1,0.0188125,1332591
524288,256,2,0,0,0.0127595,1305891
524288,256,2,0,1,0.0108765,2318351
524288,256,2,1,0,0.0127595,1301271
524288,256,2,1,1,0.0108765,1300171
524288,1,4,0,0,0.153595,1768871
524288,1,4,0,1,0.118172,2730731
524288,1,4,1,0,0.153595,1768711
524288,1,4,1,1,0.118172,1756651
524288,2,4,0,0,0.153595,1768871
524288,2,4,0,1,0.118172,2730731
524288,2,4,1,0,0.153595,1768711
524288,2,4,1,1,0.118172,1756651
524288,4,4,0,0,0.153595,1768871
524288,4,4,0,1,0.118172,2730731
524288,4,4,1,0,0.153595,1768711
524288,4,4,1,1,0.118172,1756651
524288,8,4,0,0,0.153595,1768871
524288,8,4,0,1,0.118172,2730731
524288,8,4,1,0,0.153595,1768711
524288,8,4,1,1,0.118172,1756651
524288,16,4,0,0,0.105017,1650731
524288,16,4,0,1,0.0915348,2620431
524288,16,4,1,0,0.105017,1650531
524288,16,4,1,1,0.0915348,1639671
524288,32,4,0,0,0.072215,1540471
524288,32,4,0,1,0.0651345,2530311
524288,32,4,1,0,0.072215,1540111
524288,32,4,1,1,0.0651345,1533211
524288,64,4,0,0,0.0376981,1408211
524288,64,4,0,1,0.0337344,2401351
524288,64,4,1,0,0.0376981,1407511
524288,64,4,1,1,0.0337344,1395451
524288,128,4,0,0,0.0192897,1332571
524288,128,4,0,1,0.0173895,2338811
524288,128,4,1,0,0.0192897,1331411
524288,128,4,1,1,0.0173895,1325891
524288,256,4,0,0,0.00972869,1293551
524288,256,4,0,1,0.00900645,2309051
524288,256,4,1,0,0.00972869,1292431
524288,256,4,1,1,0.00900645,1291491
524288,1,8,0,0,0.15323,1767091
524288,1,8,0,1,0.117772,2728891
524288,1,8,1,0,0.15323,1767091
524288,1,8,1,1,0.117772,1754791
524288,2,8,0,0,0.15323,1767091
524288,2,8,0,1,0.117772,2728891
524288,2,8,1,0,0.15323,1767091
524288,2,8,1,1,0.117772,1754791
524288,4,8,0,0,0.15323,1767091
524288,4,8,0,1,0.117772,2728891
524288,4,8,1,0,0.15323,1767091
524288,4,8,1,1,0.117772,1754791
524288,8,8,0,0,0.15323,1767091
524288,8,8,0,1,0.117772,2728891
524288,8,8,1,0,0.15323,1767091
524288,8,8,1,1,0.117772,1754791
524288,16,8,0,0,0.105008,1650691
524288,16,8,0,1,0.0916036,2620771
524288,16,8,1,0,0.105008,1650631
524288,16,8,1,1,0.0916036,1639911
524288,32,8,0,0,0.0725847,1542331
524288,32,8,0,1,0.0660072,2534131
524288,32,8,1,0,0.0725847,1542131
524288,32,8,1,1,0.0660072,1537191
524288,64,8,0,0,0.0383645,1411431
524288,64,8,0,1,0.0344352,2404811
524288,64,8,1,0,0.0383645,1410731
524288,64,8,1,1,0.0344352,1398731
524288,128,8,0,0,0.0194316,1333231
524288,128,8,0,1,0.0176303,2339871
524288,128,8,1,0,0.0194316,1332471
524288,128,8,1,1,0.0176303,1326951
524288,256,8,0,0,0.00970719,1292831
524288,256,8,0,1,0.00902365,2308511
524288,256,8,1,0,0.00970719,1292471
524288,256,8,1,1,0.00902365,1291371
524288,1,16,0,0,0.15317,1766811
524288,1,16,0,1,0.117548,2727951
524288,1,16,1,0,0.15317,1766811
524288,1,16,1,1,0.117548,1753711
524288,2,16,0,0,0.15317,1766811
524288,2,16,0,1,0.117548,2727951
524288,2,16,1,0,0.15317,1766811
524288,2,16,1,1,0.117548,1753711
524288,4,16,0,0,0.15317,1766811
524288,4,16,0,1,0.117548,2727951
524288,4,16,1,0,0.15317,1766811
524288,4,16,1,1,0.117548,1753711
524288,8,16,0,0,0.15317,1766811
524288,8,16,0,1,0.117548,2727951
524288,8,16,1,0,0.15317,1766811
524288,8,16,1,1,0.117548,1753711
524288,16,16,0,0,0.104178,1646811
524288,16,16,0,1,0.0905417,2615991
524288,16,16,1,0,0.104178,1646811
524288,16,16,1,1,0.0905417,1634911
524288,32,16,0,0,0.0709855,1534771
524288,32,16,0,1,0.0638061,2524251
524288,32,16,1,0,0.0709855,1534771
524288,32,16,1,1,0.0638061,1526871
524288,64,16,0,0,0.0363052,1401411
524288,64,16,0,1,0.0324146,2394931
524288,64,16,1,0,0.0363052,1401411
524288,64,16,1,1,0.0324146,1389171
524288,128,16,0,0,0.0182279,1326911
524288,128,16,0,1,0.0163922,2333351
524288,128,16,1,0,0.0182279,1326911
524288,128,16,1,1,0.0163922,1321111
524288,256,16,0,0,0.00898926,1289171
524288,256,16,0,1,0.00827562,2304671
524288,256,16,1,0,0.00898926,1289171
524288,256,16,1,1,0.00827562,1287891
524288,1,32,0,0,0.15317,1766811
524288,1,32,0,1,0.117548,2727951
524288,1,32,1,0,0.15317,1766811
524288,1,32,1,1,0.117548,1753711
524288,2,32,0,0,0.15317,1766811
524288,2,32,0,1,0.117548,2727951
524288,2,32,1,0,0.15317,1766811
524288,2,32,1,1,0.117548,1753711
524288,4,32,0,0,0.15317,1766811
524288,4,32,0,1,0.117548,2727951
524288,4,32,1,0,0.15317,1766811
524288,4,32,1,1,0.117548,1753711
524288,8,32,0,0,0.15317,1766811
524288,8,32,0,1,0.117548,2727951
524288,8,32,1,0,0.15317,1766811
524288,8,32,1,1,0.117548,1753711
524288,16,32,0,0,0.104178,1646811
524288,16,32,0,1,0.0905417,2615991
524288,16,32,1,0,0.104178,1646811
524288,16,32,1,1,0.0905417,1634911
524288,32,32,0,0,0.0709855,1534771
524288,32,32,0,1,0.0637502,2523991
524288,32,32,1,0,0.0709855,1534771
524288,32,32,1,1,0.0637502,1526591
524288,64,32,0,0,0.0362623,1401211
524288,64,32,0,1,0.0323716,2394731
524288,64,32,1,0,0.0362623,1401211
524288,64,32,1,1,0.0323716,1388971
524288,128,32,0,0,0.0181892,1326731
524288,128,32,0,1,0.0163535,2333171
524288,128,32,1,0,0.0181892,1326731
524288,128,32,1,1,0.0163535,1320931
524288,256,32,0,0,0.00895486,1289011
524288,256,32,0,1,0.00824123,2304511
524288,256,32,1,0,0.00895486,1289011
524288,256,32,1,1,0.00824123,1287731
1048576,1,1,0,0,0.15317,1766811
1048576,1,1,0,1,0.117548,2727951
1048576,1,1,1,0,0.15317,1766811
1048576,1,1,1,1,0.117548,1753711
1048576,2,1,0,0,0.15317,1766811
1048576,2,1,0,1,0.117548,2727951
1048576,2,1,1,0,0.15317,1766811
1048576,2,1,1,1,0.117548,1753711
1048576,4,1,0,0,0.15317,1766811
1048576,4,1,0,1,0.117548,2727951
1048576,4,1,1,0,0.15317,1766811
1048576,4,1,1,1,0.117548,1753711
1048576,8,1,0,0,0.15317,1766811
1048576,8,1,0,1,0.117548,2727951
1048576,8,1,1,0,0.15317,1766811
1048576,8,1,1,1,0.117548,1753711
1048576,16,1,0,0,0.104178,1646811
1048576,16,1,0,1,0.0905417,2615991
1048576,16,1,1,0,0.104178,1646811
1048576,16,1,1,1,0.0905417,1634911
1048576,32,1,0,0,0.0709855,1534771
1048576,32,1,0,1,0.0637502,2523991
1048576,32,1,1,0,0.0709855,1534771
1048576,32,1,1,1,0.0637502,1526591
1048576,64,1,0,0,0.0362623,1401211
1048576,64,1,0,1,0.0323716,2394731
1048576,64,1,1,0,0.0362623,1401211
1048576,64,1,1,1,0.0323716,1388971
1048576,128,1,0,0,0.0181892,1326731
1048576,128,1,0,1,0.0163535,2333171
1048576,128,1,1,0,0.0181892,1326731
1048576,128,1,1,1,0.0163535,1320931
1048576,256,1,0,0,0.00895486,1289011
1048576,256,1,0,1,0.00824123,2304511
1048576,256,1,1,0,0.00895486,1289011
1048576,256,1,1,1,0.00824123,1287731
1048576,1,2,0,0,0.15317,1766811
1048576,1,2,0,1,0.117548,2727951
1048576,1,2,1,0,0.15317,1766811
1048576,1,2,1,1,0.117548,1753711
1048576,2,2,0,0,0.15317,1766811
1048576,2,2,0,1,0.117548,2727951
1048576,2,2,1,0,0.15317,1766811
1048576,2,2,1,1,0.117548,1753711
1048576,4,2,0,0,0.15317,1766811
1048576,4,2,0,1,0.117548,2727951
1048576,4,2,1,0,0.15317,1766811
1048576,4,2,1,1,0.117548,1753711
1048576,8,2,0,0,0.15317,1766811
1048576,8,2,0,1,0.117548,2727951
1048576,8,2,1,0,0.15317,1766811
1048576,8,2,1,1,0.117548,1753711
1048576,16,2,0,0,0.104178,1646811
1048576,16,2,0,1,0.0905417,2615991
1048576,16,2,1,0,0.104178,1646811
1048576,16,2,1,1,0.0905417,1634911
1048576,32,2,0,0,0.0709855,1534771
1048576,32,2,0,1,0.0637502,2523991
1048576,32,2,1,0,0.0709855,1534771
1048576,32,2,1,1,0.0637502,1526591
1048576,64,2,0,0,0.0362623,1401211
1048576,64,2,0,1,0.0323716,2394731
1048576,64,2,1,0,0.0362623,1401211
1048576,64,2,1,1,0.0323716,1388971
1048576,128,2,0,0,0.0181892,1326731
1048576,128,2,0,1,0.0163535,2333171
1048576,128,2,1,0,0.0181892,1326731
1048576,128,2,1,1,0.0163535,1320931
1048576,256,2,0,0,0.00895486,1289011
1048576,256,2,0,1,0.00824123,2304511
1048576,256,2,1,0,0.00895486,1289011
1048576,256,2,1,1,0.00824123,1287731
1048576,1,4,0,0,0.15317,1766811
1048576,1,4,0,1,0.117548,2727951
1048576,1,4,1,0,0.15317,1766811
1048576,1,4,1,1,0.117548,1753711
1048576,2,4,0,0,0.15317,1766811
1048576,2,4,0,1,0.117548,2727951
1048576,2,4,1,0,0.15317,1766811
1048576,2,4,1,1,0.117548,1753711
1048576,4,4,0,0,0.15317,1766811
1048576,4,4,0,1,0.117548,2727951
1048576,4,4,1,0,0.15317,1766811
1048576,4,4,1,1,0.117548,1753711
1048576,8,4,0,0,0.15317,1766811
1048576,8,4,0,1,0.117548,2727951
1048576,8,4,1,0,0.15317,1766811
1048576,8,4,1,1,0.117548,1753711
1048576,16,4,0,0,0.104178,1646811
1048576,16,4,0,1,0.0905417,2615991
1048576,16,4,1,0,0.104178,1646811
1048576,16,4,1,1,0.0905417,1634911
1048576,32,4,0,0,0.0709855,1534771
1048576,32,4,0,1,0.0637502,2523991
1048576,32,4,1,0,0.0709855,1534771
1048576,32,4,1,1,0.0637502,1526591
1048576,64,4,0,0,0.0362623,1401211
1048576,64,4,0,1,0.0323716,2394731
1048576,64,4,1,0,0.0362623,1401211
1048576,64,4,1,1,0.0323716,1388971
1048576,128,4,0,0,0.0181892,1326731
1048576,128,4,0,1,0.0163535,2333171
1048576,128,4,1,0,0.0181892,1326731
1048576,128,4,1,1,0.0163535,1320931
1048576,256,4,0,0,0.00895486,1289011
1048576,256,4,0,1,0.00824123,2304511
1048576,256,4,1,0,0.00895486,1289011
1048576,256,4,1,1,0.00824123,1287731
1048576,1,8,0,0,0.15317,1766811
1048576,1,8,0,1,0.117548,2727951
1048576,1,8,1,0,0.15317,1766811
1048576,1,8,1,1,0.117548,1753711
1048576,2,8,0,0,0.15317,1766811
1048576,2,8,0,1,0.117548,2727951
1048576,2,8,1,0,0.15317,1766811
1048576,2,8,1,1,0.117548,1753711
1048576,4,8,0,0,0.15317,1766811
1048576,4,8,0,1,0.117548,2727951
1048576,4,8,1,0,0.15317,1766811
1048576,4,8,1,1,0.117548,1753711
1048576,8,8,0,0,0.15317,1766811
1048576,8,8,0,1,0.117548,2727951
1048576,8,8,1,0,0.15317,1766811
1048576,8,8,1,1,0.117548,1753711
1048576,16,8,0,0,0.104178,1646811
1048576,16,8,0,1,0.0905417,2615991
1048576,16,8,1,0,0.104178,1646811
1048576,16,8,1,1,0.0905417,1634911
1048576,32,8,0,0,0.0709855,1534771
1048576,32,8,0,1,0.0637502,2523991
1048576,32,8,1,0,0.0709855,1534771
1048576,32,8,1,1,0.0637502,1526591
1048576,64,8,0,0,0.0362623,1401211
1048576,64,8,0,1,0.0323716,2394731
1048576,64,8,1,0,0.0362623,1401211
1048576,64,8,1,1,0.0323716,1388971
1048576,128,8,0,0,0.0181892,1326731
1048576,128,8,0,1,0.0163535,2333171
1048576,128,8,1,0,0.0181892,1326731
1048576,128,8,1,1,0.0163535,1320931
1048576,256,8,0,0,0.00895486,1289011
1048576,256,8,0,1,0.00824123,2304511
1048576,256,8,1,0,0.00895486,1289011
1048576,256,8,1,1,0.00824123,1287731
1048576,1,16,0,0,0.15317,1766811
1048576,1,16,0,1,0.117548,2727951
1048576,1,16,1,0,0.15317,1766811
1048576,1,16,1,1,0.117548,1753711
1048576,2,16,0,0,0.15317,1766811
1048576,2,16,0,1,0.117548,2727951
1048576,2,16,1,0,0.15317,1766811
1048576,2,16,1,1,0.117548,1753711
1048576,4,16,0,0,0.15317,1766811
1048576,4,16,0,1,0.117548,2727951
1048576,4,16,1,0,0.15317,1766811
1048576,4,16,1,1,0.117548,1753711
1048576,8,16,0,0,0.15317,1766811
1048576,8,16,0,1,0.117548,2727951
1048576,8,16,1,0,0.15317,1766811
1048576,8,16,1,1,0.117548,1753711
1048576,16,16,0,0,0.104178,1646811
1048576,16,16,0,1,0.0905417,2615991
1048576,16,16,1,0,0.104178,1646811
1048576,16,16,1,1,0.0905417,1634911
1048576,32,16,0,0,0.0709855,1534771
1048576,32,16,0,1,0.0637502,2523991
1048576,32,16,1,0,0.0709855,1534771
1048576,32,16,1,1,0.0637502,1526591
1048576,64,16,0,0,0.0362623,1401211
1048576,64,16,0,1,0.0323716,2394731
1048576,64,16,1,0,0.0362623,1401211
1048576,64,16,1,1,0.0323716,1388971
1048576,128,16,0,0,0.0181892,1326731
1048576,128,16,0,1,0.0163535,2333171
1048576,128,16,1,0,0.0181892,1326731
1048576,128,16,1,1,0.0163535,1320931
1048576,256,16,0,0,0.00895486,1289011
1048576,256,16,0,1,0.00824123,2304511
1048576,256,16,1,0,0.00895486,1289011
1048576,256,16,1,1,0.00824123,1287731
1048576,1,32,0,0,0.15317,1766811
1048576,1,32,0,1,0.117548,2727951
1048576,1,32,1,0,0.15317,1766811
1048576,1,32,1,1,0.117548,1753711
1048576,2,32,0,0,0.15317,1766811
1048576,2,32,0,1,0.117548,2727951
1048576,2,32,1,0,0.15317,1766811
1048576,2,32,1,1,0.117548,1753711
1048576,4,32,0,0,0.15317,1766811
1048576,4,32,0,1,0.117548,2727951
1048576,4,32,1,0,0.15317,1766811
1048576,4,32,1,1,0.117548,1753711
1048576,8,32,0,0,0.15317,1766811
1048576,8,32,0,1,0.117548,2727951
1048576,8,32,1,0,0.15317,1766811
1048576,8,32,1,1,0.117548,1753711
1048576,16,32,0,0,0.104178,1646811
1048576,16,32,0,1,0.0905417,2615991
1048576,16,32,1,0,0.104178,1646811
1048576,16,32,1,1,0.0905417,1634911
1048576,32,32,0,0,0.0709855,1534771
1048576,32,32,0,1,0.0637502,2523991
1048576,32,32,1,0,0.0709855,1534771
1048576,32,32,1,1,0.0637502,1526591
1048576,64,32,0,0,0.0362623,1401211
1048576,64,32,0,1,0.0323716,2394731
1048576,64,32,1,0,0.0362623,1401211
1048576,64,32,1,1,0.0323716,1388971
1048576,128,32,0,0,0.0181892,1326731
1048576,128,32,0,1,0.0163535,2333171
1048576,128,32,1,0,0.0181892,1326731
1048576,128,32,1,1,0.0163535,1320931
1048576,256,32,0,0,0.00895486,1289011
1048576,256,32,0,1,0.00824123,2304511
1048576,256,32,1,0,0.00895486,1289011
1048576,256,32,1,1,0.00824123,1287731
2097152,1,1,0,0,0.15317,1766811
2097152,1,1,0,1,0.117548,2727951
2097152,1,1,1,0,0.15317,1766811
2097152,1,1,1,1,0.117548,1753711
2097152,2,1,0,0,0.15317,1766811
2097152,2,1,0,1,0.117548,2727951
2097152,2,1,1,0,0.15317,1766811
2097152,2,1,1,1,0.117548,1753711
2097152,4,1,0,0,0.15317,1766811
2097152,4,1,0,1,0.117548,2727951
2097152,4,1,1,0,0.15317,1766811
2097152,4,1,1,1,0.117548,1753711
2097152,8,1,0,0,0.15317,1766811
2097152,8,1,0,1,0.117548,2727951
2097152,8,1,1,0,0.15317,1766811
2097152,8,1,1,1,0.117548,1753711
2097152,16,1,0,0,0.104178,1646811
2097152,16,1,0,1,0.0905417,2615991
2097152,16,1,1,0,0.104178,1646811
2097152,16,1,1,1,0.0905417,1634911
2097152,32,1,0,0,0.0709855,1534771
2097152,32,1,0,1,0.0637502,2523991
2097152,32,1,1,0,0.0709855,1534771
2097152,32,1,1,1,0.0637502,1526591
2097152,64,1,0,0,0.0362623,1401211
2097152,64,1,0,1,0.0323716,2394731
2097152,64,1,1,0,0.0362623,1401211
2097152,64,1,1,1,0.0323716,1388971
2097152,128,1,0,0,0.0181892,1326731
2097152,128,1,0,1,0.0163535,2333171
2097152,128,1,1,0,0.0181892,1326731
2097152,128,1,1,1,0.0163535,1320931
2097152,256,1,0,0,0.00895486,1289011
2097152,256,1,0,1,0.00824123,2304511
2097152,256,1,1,0,0.00895486,1289011
2097152,256,1,1,1,0.00824123,1287731
2097152,1,2,0,0,0.15317,1766811
2097152,1,2,0,1,0.117548,2727951
2097152,1,2,1,0,0.15317,1766811
2097152,1,2,1,1,0.117548,1753711
2097152,2,2,0,0,0.15317,1766811
2097152,2,2,0,1,0.117548,2727951
2097152,2,2,1,0,0.15317,1766811
2097152,2,2,1,1,0.117548,1753711
2097152,4,2,0,0,0.15317,1766811
2097152,4,2,0,1,0.117548,2727951
2097152,4,2,1,0,0.15317,1766811
2097152,4,2,1,1,0.117548,1753711
2097152,8,2,0,0,0.15317,1766811
2097152,8,2,0,1,0.117548,2727951
2097152,8,2,1,0,0.15317,1766811
2097152,8,2,1,1,0.117548,1753711
2097152,16,2,0,0,0.104178,1646811
2097152,16,2,0,1,0.0905417,2615991
2097152,16,2,1,0,0.104178,1646811
2097152,16,2,1,1,0.0905417,1634911
2097152,32,2,0,0,0.0709855,1534771
2097152,32,2,0,1,0.0637502,2523991
2097152,32,2,1,0,0.0709855,1534771
2097152,32,2,1,1,0.0637502,1526591
2097152,64,2,0,0,0.0362623,1401211
2097152,64,2,0,1,0.0323716,2394731
2097152,64,2,1,0,0.0362623,1401211
2097152,64,2,1,1,0.0323716,1388971
2097152,128,2,0,0,0.0181892,1326731
2097152,128,2,0,1,0.0163535,2333171
2097152,128,2,1,0,0.0181892,1326731
2097152,128,2,1,1,0.0163535,1320931
2097152,256,2,0,0,0.00895486,1289011
2097152,256,2,0,1,0.00824123,2304511
2097152,256,2,1,0,0.00895486,1289011
2097152,256,2,1,1,0.00824123,1287731
2097152,1,4,0,0,0.15317,1766811
2097152,1,4,0,1,0.117548,2727951
2097152,1,4,1,0,0.15317,1766811
2097152,1,4,1,1,0.117548,1753711
2097152,2,4,0,0,0.15317,1766811
2097152,2,4,0,1,0.117548,2727951
2097152,2,4,1,0,0.15317,1766811
2097152,2,4,1,1,0.117548,1753711
2097152,4,4,0,0,0.15317,1766811
2097152,4,4,0,1,0.117548,2727951
2097152,4,4,1,0,0.15317,1766811
2097152,4,4,1,1,0.117548,1753711
2097152,8,4,0,0,0.15317,1766811
2097152,8,4,0,1,0.117548,2727951
2097152,8,4,1,0,0.15317,1766811
2097152,8,4,1,1,0.117548,1753711
2097152,16,4,0,0,0.104178,1646811
2097152,16,4,0,1,0.0905417,2615991
2097152,16,4,1,0,0.104178,1646811
2097152,16,4,1,1,0.0905417,1634911
2097152,32,4,0,0,0.0709855,1534771
2097152,32,4,0,1,0.0637502,2523991
2097152,32,4,1,0,0.0709855,1534771
2097152,32,4,1,1,0.0637502,1526591
2097152,64,4,0,0,0.0362623,1401211
2097152,64,4,0,1,0.0323716,2394731
2097152,64,4,1,0,0.0362623,1401211
2097152,64,4,1,1,0.0323716,1388971
2097152,128,4,0,0,0.0181892,1326731
2097152,128,4,0,1,0.0163535,2333171
2097152,128,4,1,0,0.0181892,1326731
2097152,128,4,1,1,0.0163535,1320931
2097152,256,4,0,0,0.00895486,1289011
2097152,256,4,0,1,0.00824123,2304511
2097152,256,4,1,0,0.00895486,1289011
2097152,256,4,1,1,0.00824123,1287731
2097152,1,8,0,0,0.15317,1766811
2097152,1,8,0,1,0.117548,2727951
2097152,1,8,1,0,0.15317,1766811
2097152,1,8,1,1,0.117548,1753711
2097152,2,8,0,0,0.15317,1766811
2097152,2,8,0,1,0.117548,2727951
2097152,2,8,1,0,0.15317,1766811
2097152,2,8,1,1,0.117548,1753711
2097152,4,8,0,0,0.15317,1766811
2097152,4,8,0,1,0.117548,2727951
2097152,4,8,1,0,0.15317,1766811
2097152,4,8,1,1,0.117548,1753711
2097152,8,8,0,0,0.15317,1766811
2097152,8,8,0,1,0.117548,2727951
2097152,8,8,1,0,0.15317,1766811
2097152,8,8,1,1,0.117548,1753711
2097152,16,8,0,0,0.104178,1646811
2097152,16,8,0,1,0.0905417,2615991
2097152,16,8,1,0,0.104178,1646811
2097152,16,8,1,1,0.0905417,1634911
2097152,32,8,0,0,0.0709855,1534771
2097152,32,8,0,1,0.0637502,2523991
2097152,32,8,1,0,0.0709855,1534771
2097152,32,8,1,1,0.0637502,1526591
2097152,64,8,0,0,0.0362623,1401211
2097152,64,8,0,1,0.0323716,2394731
2097152,64,8,1,0,0.0362623,1401211
2097152,64,8,1,1,0.0323716,1388971
2097152,128,8,0,0,0.0181892,1326731
2097152,128,8,0,1,0.0163535,2333171
2097152,128,8,1,0,0.0181892,1326731
2097152,128,8,1,1,0.0163535,1320931
2097152,256,8,0,0,0.00895486,1289011
2097152,256,8,0,1,0.00824123,2304511
2097152,256,8,1,0,0.00895486,1289011
2097152,256,8,1,1,0.00824123,1287731
2097152,1,16,0,0,0.15317,1766811
2097152,1,16,0,1,0.117548,2727951
2097152,1,16,1,0,0.15317,1766811
2097152,1,16,1,1,0.117548,1753711
2097152,2,16,0,0,0.15317,1766811
2097152,2,16,0,1,0.117548,2727951
2097152,2,16,1,0,0.15317,1766811
2097152,2,16,1,1,0.117548,1753711
2097152,4,16,0,0,0.15317,1766811
2097152,4,16,0,1,0.117548,2727951
2097152,4,16,1,0,0.15317,1766811
2097152,4,16,1,1,0.117548,1753711
2097152,8,16,0,0,0.15317,1766811
2097152,8,16,0,1,0.117548,2727951
2097152,8,16,1,0,0.15317,1766811
2097152,8,16,1,1,0.117548,1753711
2097152,16,16,0,0,0.104178,1646811
2097152,16,16,0,1,0.0905417,2615991
2097152,16,16,1,0,0.104178,1646811
2097152,16,16,1,1,0.0905417,1634911
2097152,32,16,0,0,0.0709855,1534771
2097152,32,16,0,1,0.0637502,2523991
2097152,32,16,1,0,0.0709855,1534771
2097152,32,16,1,1,0.0637502,1526591
2097152,64,16,0,0,0.0362623,1401211
2097152,64,16,0,1,0.0323716,2394731
2097152,64,16,1,0,0.0362623,1401211
2097152,64,16,1,1,0.0323716,1388971
2097152,128,16,0,0,0.0181892,1326731
2097152,128,16,0,1,0.0163535,2333171
2097152,128,16,1,0,0.0181892,1326731
2097152,128,16,1,1,0.0163535,1320931
2097152,256,16,0,0,0.00895486,1289011
2097152,256,16,0,1,0.00824123,2304511
2097152,256,16,1,0,0.00895486,1289011
2097152,256,16,1,1,0.00824123,1287731
2097152,1,32,0,0,0.15317,1766811
2097152,1,32,0,1,0.117548,2727951
2097152,1,32,1,0,0.15317,1766811
2097152,1,32,1,1,0.117548,1753711
2097152,2,32,0,0,0.15317,1766811
2097152,2,32,0,1,0.117548,2727951
2097152,2,32,1,0,0.15317,1766811
2097152,2,32,1,1,0.117548,1753711
2097152,4,32,0,0,0.15317,1766811
2097152,4,32,0,1,0.117548,2727951
2097152,4,32,1,0,0.15317,1766811
2097152,4,32,1,1,0.117548,1753711
2097152,8,32,0,0,0.15317,1766811
2097152,8,32,0,1,0.117548,2727951
2097152,8,32,1,0,0.15317,1766811
2097152,8,32,1,1,0.117548,1753711
2097152,16,32,0,0,0.104178,1646811
2097152,16,32,0,1,0.0905417,2615991
2097152,16,32,1,0,0.104178,1646811
2097152,16,32,1,1,0.0905417,1634911
2097152,32,32,0,0,0.0709855,1534771
2097152,32,32,0,1,0.0637502,2523991
2097152,32,32,1,0,0.0709855,1534771
2097152,32,32,1,1,0.0637502,1526591
2097152,64,32,0,0,0.0362623,1401211
2097152,64,32,0,1,0.0323716,2394731
2097152,64,32,1,0,0.0362623,1401211
2097152,64,32,1,1,0.0323716,1388971
2097152,128,32,0,0,0.0181892,1326731
2097152,128,32,0,1,0.0163535,2333171
2097152,128,32,1,0,0.0181892,1326731
2097152,128,32,1,1,0.0163535,1320931
2097152,256,32,0,0,0.00895486,1289011
2097152,256,32,0,1,0.00824123,2304511
2097152,256,32,1,0,0.00895486,1289011
2097152,256,32,1,1,0.00824123,1287731
4194304,1,1,0,0,0.15317,1766811
4194304,1,1,0,1,0.117548,2727951
4194304,1,1,1,0,0.15317,1766811
4194304,1,1,1,1,0.117548,1753711
4194304,2,1,0,0,0.15317,1766811
4194304,2,1,0,1,0.117548,2727951
4194304,2,1,1,0,0.15317,1766811
4194304,2,1,1,1,0.117548,1753711
4194304,4,1,0,0,0.15317,1766811
4194304,4,1,0,1,0.117548,2727951
4194304,4,1,1,0,0.15317,1766811
4194304,4,1,1,1,0.117548,1753711
4194304,8,1,0,0,0.15317,1766811
4194304,8,1,0,1,0.117548,2727951
4194304,8,1,1,0,0.15317,1766811
4194304,8,1,1,1,0.117548,1753711
4194304,16,1,0,0,0.104178,1646811
4194304,16,1,0,1,0.0905417,2615991
4194304,16,1,1,0,0.104178,1646811
4194304,16,1,1,1,0.0905417,1634911
4194304,32,1,0,0,0.0709855,1534771
4194304,32,1,0,1,0.0637502,2523991
4194304,32,1,1,0,0.0709855,1534771
4194304,32,1,1,1,0.0637502,1526591
4194304,64,1,0,0,0.0362623,1401211
4194304,64,1,0,1,0.0323716,2394731
4194304,64,1,1,0,0.0362623,1401211
4194304,64,1,1,1,0.0323716,1388971
4194304,128,1,0,0,0.0181892,1326731
4194304,128,1,0,1,0.0163535,2333171
4194304,128,1,1,0,0.0181892,1326731
4194304,128,1,1,1,0.0163535,1320931
4194304,256,1,0,0,0.00895486,1289011
4194304,256,1,0,1,0.00824123,2304511
4194304,256,1,1,0,0.00895486,1289011
4194304,256,1,1,1,0.00824123,1287731
4194304,1,2,0,0,0.15317,1766811
4194304,1,2,0,1,0.117548,2727951
4194304,1,2,1,0,0.15317,1766811
4194304,1,2,1,1,0.117548,1753711
4194304,2,2,0,0,0.15317,1766811
4194304,2,2,0,1,0.117548,2727951
4194304,2,2,1,0,0.15317,1766811
4194304,2,2,1,1,0.117548,1753711
4194304,4,2,0,0,0.15317,1766811
4194304,4,2,0,1,0.117548,2727951
4194304,4,2,1,0,0.15317,1766811
4194304,4,2,1,1,0.117548,1753711
4194304,8,2,0,0,0.15317,1766811
4194304,8,2,0,1,0.117548,2727951
4194304,8,2,1,0,0.15317,1766811
4194304,8,2,1,1,0.117548,1753711
4194304,16,2,0,0,0.104178,1646811
4194304,16,2,0,1,0.0905417,2615991
4194304,16,2,1,0,0.104178,1646811
4194304,16,2,1,1,0.0905417,1634911
4194304,32,2,0,0,0.0709855,1534771
4194304,32,2,0,1,0.0637502,2523991
4194304,32,2,1,0,0.0709855,1534771
4194304,32,2,1,1,0.0637502,1526591
4194304,64,2,0,0,0.0362623,1401211
4194304,64,2,0,1,0.0323716,2394731
4194304,64,2,1,0,0.0362623,1401211
4194304,64,2,1,1,0.0323716,1388971
4194304,128,2,0,0,0.0181892,1326731
4194304,128,2,0,1,0.0163535,2333171
4194304,128,2,1,0,0.0181892,1326731
4194304,128,2,1,1,0.0163535,1320931
4194304,256,2,0,0,0.00895486,1289011
4194304,256,2,0,1,0.00824123,2304511
4194304,256,2,1,0,0.00895486,1289011
4194304,256,2,1,1,0.00824123,1287731
4194304,1,4,0,0,0.15317,1766811
4194304,1,4,0,1,0.117548,2727951
4194304,1,4,1,0,0.15317,1766811
4194304,1,4,1,1,0.117548,1753711
4194304,2,4,0,0,0.15317,1766811
4194304,2,4,0,1,0.117548,2727951
4194304,2,4,1,0,0.15317,1766811
4194304,2,4,1,1,0.117548,1753711
4194304,4,4,0,0,0.15317,1766811
4194304,4,4,0,1,0.117548,2727951
4194304,4,4,1,0,0.15317,1766811
4194304,4,4,1,1,0.117548,1753711
4194304,8,4,0,0,0.15317,1766811
4194304,8,4,0,1,0.117548,2727951
4194304,8,4,1,0,0.15317,1766811
4194304,8,4,1,1,0.117548,1753711
4194304,16,4,0,0,0.104178,1646811
4194304,16,4,0,1,0.0905417,2615991
4194304,16,4,1,0,0.104178,1646811
4194304,16,4,1,1,0.0905417,1634911
4194304,32,4,0,0,0.0709855,1534771
4194304,32,4,0,1,0.0637502,2523991
4194304,32,4,1,0,0.0709855,1534771
4194304,32,4,1,1,0.0637502,1526591
4194304,64,4,0,0,0.0362623,1401211
4194304,64,4,0,1,0.0323716,2394731
4194304,64,4,1,0,0.0362623,1401211
4194304,64,4,1,1,0.0323716,1388971
4194304,128,4,0,0,0.0181892,1326731
4194304,128,4,0,1,0.0163535,2333171
4194304,128,4,1,0,0.0181892,1326731
4194304,128,4,1,1,0.0163535,1320931
4194304,256,4,0,0,0.00895486,1289011
4194304,256,4,0,1,0.00824123,2304511
4194304,256,4,1,0,0.00895486,1289011
4194304,256,4,1,1,0.00824123,1287731
4194304,1,8,0,0,0.15317,1766811
4194304,1,8,0,1,0.117548,2727951
4194304,1,8,1,0,0.15317,1766811
4194304,1,8,1,1,0.117548,1753711
4194304,2,8,0,0,0.15317,1766811
4194304,2,8,0,1,0.117548,2727951
4194304,2,8,1,0,0.15317,1766811
4194304,2,8,1,1,0.117548,1753711
4194304,4,8,0,0,0.15317,1766811
4194304,4,8,0,1,0.117548,2727951
4194304,4,8,1,0,0.15317,1766811
4194304,4,8,1,1,0.117548,1753711
4194304,8,8,0,0,0.15317,1766811
4194304,8,8,0,1,0.117548,2727951
4194304,8,8,1,0,0.15317,1766811
4194304,8,8,1,1,0.117548,1753711
4194304,16,8,0,0,0.104178,1646811
4194304,16,8,0,1,0.0905417,2615991
4194304,16,8,1,0,0.104178,1646811
4194304,16,8,1,1,0.0905417,1634911
4194304,32,8,0,0,0.0709855,1534771
4194304,32,8,0,1,0.0637502,2523991
4194304,32,8,1,0,0.0709855,1534771
4194304,32,8,1,1,0.0637502,1526591
4194304,64,8,0,0,0.0362623,1401211
4194304,64,8,0,1,0.0323716,2394731
4194304,64,8,1,0,0.0362623,1401211
4194304,64,8,1,1,0.0323716,1388971
4194304,128,8,0,0,0.0181892,1326731
4194304,128,8,0,1,0.0163535,2333171
4194304,128,8,1,0,0.0181892,1326731
4194304,128,8,1,1,0.0163535,1320931
4194304,256,8,0,0,0.00895486,1289011
4194304,256,8,0,1,0.00824123,2304511
4194304,256,8,1,0,0.00895486,1289011
4194304,256,8,1,1,0.00824123,1287731
4194304,1,16,0,0,0.15317,1766811
4194304,1,16,0,1,0.117548,2727951
4194304,1,16,1,0,0.15317,1766811
4194304,1,16,1,1,0.117548,1753711
4194304,2,16,0,0,0.15317,1766811
4194304,2,16,0,1,0.117548,2727951
4194304,2,16,1,0,0.15317,1766811
4194304,2,16,1,1,0.117548,1753711
4194304,4,16,0,0,0.15317,1766811
4194304,4,16,0,1,0.117548,2727951
4194304,4,16,1,0,0.15317,1766811
4194304,4,16,1,1,0.117548,1753711
4194304,8,16,0,0,0.15317,1766811
4194304,8,16,0,1,0.117548,2727951
4194304,8,16,1,0,0.15317,1766811
4194304,8,16,1,1,0.117548,1753711
4194304,16,16,0,0,0.104178,1646811
4194304,16,16,0,1,0.0905417,2615991
4194304,16,16,1,0,0.104178,1646811
4194304,16,16,1,1,0.0905417,1634911
4194304,32,16,0,0,0.0709855,1534771
4194304,32,16,0,1,0.0637502,2523991
4194304,32,16,1,0,0.0709855,1534771
4194304,32,16,1,1,0.0637502,1526591
4194304,64,16,0,0,0.0362623,1401211
4194304,64,16,0,1,0.0323716,2394731
4194304,64,16,1,0,0.0362623,1401211
4194304,64,16,1,1,0.0323716,1388971
4194304,128,16,0,0,0.0181892,1326731
4194304,128,16,0,1,0.0163535,2333171
4194304,128,16,1,0,0.0181892,1326731
4194304,128,16,1,1,0.0163535,1320931
4194304,256,16,0,0,0.00895486,1289011
4194304,256,16,0,1,0.00824123,2304511
4194304,256,16,1,0,0.00895486,1289011
4194304,256,16,1,1,0.00824123,1287731
4194304,1,32,0,0,0.15317,1766811
4194304,1,32,0,1,0.117548,2727951
4194304,1,32,1,0,0.15317,1766811
4194304,1,32,1,1,0.117548,1753711
4194304,2,32,0,0,0.15317,1766811
4194304,2,32,0,1,0.117548,2727951
4194304,2,32,1,0,0.15317,1766811
4194304,2,32,1,1,0.117548,1753711
4194304,4,32,0,0,0.15317,1766811
4194304,4,32,0,1,0.117548,2727951
4194304,4,32,1,0,0.15317,1766811
4194304,4,32,1,1,0.117548,1753711
4194304,8,32,0,0,0.15317,1766811
4194304,8,32,0,1,0.117548,2727951
4194304,8,32,1,0,0.15317,1766811
4194304,8,32,1,1,0.117548,1753711
4194304,16,32,0,0,0.104178,1646811
4194304,16,32,0,1,0.0905417,2615991
4194304,16,32,1,0,0.104178,1646811
4194304,16,32,1,1,0.0905417,1634911
4194304,32,32,0,0,0.0709855,1534771
4194304,32,32,0,1,0.0637502,2523991
4194304,32,32,1,0,0.0709855,1534771
4194304,32,32,1,1,0.0637502,1526591
4194304,64,32,0,0,0.0362623,1401211
4194304,64,32,0,1,0.0323716,2394731
4194304,64,32,1,0,0.0362623,1401211
4194304,64,32,1,1,0.0323716,1388971
4194304,128,32,0,0,0.0181892,1326731
4194304,128,32,0,1,0.0163535,2333171
4194304,128,32,1,0,0.0181892,1326731
4194304,128,32,1,1,0.0163535,1320931
4194304,256,32,0,0,0.00895486,1289011
4194304,256,32,0,1,0.00824123,2304511
4194304,256,32,1,0,0.00895486,1289011
4194304,256,32,1,1,0.00824123,1287731
8388608,1,1,0,0,0.15317,1766811
8388608,1,1,0,1,0.117548,2727951
8388608,1,1,1,0,0.15317,1766811
8388608,1,1,1,1,0.117548,1753711
8388608,2,1,0,0,0.15317,1766811
8388608,2,1,0,1,0.117548,2727951
8388608,2,1,1,0,0.15317,1766811
8388608,2,1,1,1,0.117548,1753711
8388608,4,1,0,0,0.15317,1766811
8388608,4,1,0,1,0.117548,2727951
8388608,4,1,1,0,0.15317,1766811
8388608,4,1,1,1,0.117548,1753711
8388608,8,1,0,0,0.15317,1766811
8388608,8,1,0,1,0.117548,2727951
8388608,8,1,1,0,0.15317,1766811
8388608,8,1,1,1,0.117548,1753711
8388608,16,1,0,0,0.104178,1646811
8388608,16,1,0,1,0.0905417,2615991
8388608,16,1,1,0,0.104178,1646811
8388608,16,1,1,1,0.0905417,1634911
8388608,32,1,0,0,0.0709855,1534771
8388608,32,1,0,1,0.0637502,2523991
8388608,32,1,1,0,0.0709855,1534771
8388608,32,1,1,1,0.0637502,1526591
8388608,64,1,0,0,0.0362623,1401211
8388608,64,1,0,1,0.0323716,2394731
8388608,64,1,1,0,0.0362623,1401211
8388608,64,1,1,1,0.0323716,1388971
8388608,128,1,0,0,0.0181892,1326731
8388608,128,1,0,1,0.0163535,2333171
8388608,128,1,1,0,0.0181892,1326731
8388608,128,1,1,1,0.0163535,1320931
8388608,256,1,0,0,0.00895486,1289011
8388608,256,1,0,1,0.00824123,2304511
8388608,256,1,1,0,0.00895486,1289011
8388608,256,1,1,1,0.00824123,1287731
8388608,1,2,0,0,0.15317,1766811
8388608,1,2,0,1,0.117548,2727951
8388608,1,2,1,0,0.15317,1766811
8388608,1,2,1,1,0.117548,1753711
8388608,2,2,0,0,0.15317,1766811
8388608,2,2,0,1,0.117548,2727951
8388608,2,2,1,0,0.15317,1766811
8388608,2,2,1,1,0.117548,1753711
8388608,4,2,0,0,0.15317,1766811
8388608,4,2,0,1,0.117548,2727951
8388608,4,2,1,0,0.15317,1766811
8388608,4,2,1,1,0.117548,1753711
8388608,8,2,0,0,0.15317,1766811
8388608,8,2,0,1,0.117548,2727951
8388608,8,2,1,0,0.15317,1766811
8388608,8,2,1,1,0.117548,1753711
8388608,16,2,0,0,0.104178,1646811
8388608,16,2,0,1,0.0905417,2615991
8388608,16,2,1,0,0.104178,1646811
8388608,16,2,1,1,0.0905417,1634911
8388608,32,2,0,0,0.0709855,1534771
8388608,32,2,0,1,0.0637502,2523991
8388608,32,2,1,0,0.0709855,1534771
8388608,32,2,1,1,0.0637502,1526591
8388608,64,2,0,0,0.0362623,1401211
8388608,64,2,0,1,0.0323716,2394731
8388608,64,2,1,0,0.0362623,1401211
8388608,64,2,1,1,0.0323716,1388971
8388608,128,2,0,0,0.0181892,1326731
8388608,128,2,0,1,0.0163535,2333171
8388608,128,2,1,0,0.0181892,1326731
8388608,128,2,1,1,0.0163535,1320931
8388608,256,2,0,0,0.00895486,1289011
8388608,256,2,0,1,0.00824123,2304511
8388608,256,2,1,0,0.00895486,1289011
8388608,256,2,1,1,0.00824123,1287731
8388608,1,4,0,0,0.15317,1766811
8388608,1,4,0,1,0.117548,2727951
8388608,1,4,1,0,0.15317,1766811
8388608,1,4,1,1,0.117548,1753711
8388608,2,4,0,0,0.15317,1766811
8388608,2,4,0,1,0.117548,2727951
8388608,2,4,1,0,0.15317,1766811
8388608,2,4,1,1,0.117548,1753711
8388608,4,4,0,0,0.15317,1766811
8388608,4,4,0,1,0.117548,2727951
8388608,4,4,1,0,0.15317,1766811
8388608,4,4,1,1,0.117548,1753711
8388608,8,4,0,0,0.15317,1766811
8388608,8,4,0,1,0.117548,2727951
8388608,8,4,1,0,0.15317,1766811
8388608,8,4,1,1,0.117548,1753711
8388608,16,4,0,0,0.104178,1646811
8388608,16,4,0,1,0.0905417,2615991
8388608,16,4,1,0,0.104178,1646811
8388608,16,4,1,1,0.0905417,1634911
8388608,32,4,0,0,0.0709855,1534771
8388608,32,4,0,1,0.0637502,2523991
8388608,32,4,1,0,0.0709855,1534771
8388608,32,4,1,1,0.0637502,1526591
8388608,64,4,0,0,0.0362623,1401211
8388608,64,4,0,1,0.0323716,2394731
8388608,64,4,1,0,0.0362623,1401211
8388608,64,4,1,1,0.0323716,1388971
8388608,128,4,0,0,0.0181892,1326731
8388608,128,4,0,1,0.0163535,2333171
8388608,128,4,1,0,0.0181892,1326731
8388608,128,4,1,1,0.0163535,1320931
8388608,256,4,0,0,0.00895486,1289011
8388608,256,4,0,1,0.00824123,2304511
8388608,256,4,1,0,0.00895486,1289011
8388608,256,4,1,1,0.00824123,1287731
8388608,1,8,0,0,0.15317,1766811
8388608,1,8,0,1,0.117548,2727951
8388608,1,8,1,0,0.15317,1766811
8388608,1,8,1,1,0.117548,1753711
8388608,2,8,0,0,0.15317,1766811
8388608,2,8,0,1,0.117548,2727951
8388608,2,8,1,0,0.15317,1766811
8388608,2,8,1,1,0.117548,1753711
8388608,4,8,0,0,0.15317,1766811
8388608,4,8,0,1,0.117548,2727951
8388608,4,8,1,0,0.15317,1766811
8388608,4,8,1,1,0.117548,1753711
8388608,8,8,0,0,0.15317,1766811
8388608,8,8,0,1,0.117548,2727951
8388608,8,8,1,0,0.15317,1766811
8388608,8,8,1,1,0.117548,1753711
8388608,16,8,0,0,0.104178,1646811
8388608,16,8,0,1,0.0905417,2615991
8388608,16,8,1,0,0.104178,1646811
8388608,16,8,1,1,0.0905417,1634911
8388608,32,8,0,0,0.0709855,1534771
8388608,32,8,0,1,0.0637502,2523991
8388608,32,8,1,0,0.0709855,1534771
8388608,32,8,1,1,0.0637502,1526591
8388608,64,8,0,0,0.0362623,1401211
8388608,64,8,0,1,0.0323716,2394731
8388608,64,8,1,0,0.0362623,1401211
8388608,64,8,1,1,0.0323716,1388971
8388608,128,8,0,0,0.0181892,1326731
8388608,128,8,0,1,0.0163535,2333171
8388608,128,8,1,0,0.0181892,1326731
8388608,128,8,1,1,0.0163535,1320931
8388608,256,8,0,0,0.00895486,1289011
8388608,256,8,0,1,0.00824123,2304511
8388608,256,8,1,0,0.00895486,1289011
8388608,256,8,1,1,0.00824123,1287731
8388608,1,16,0,0,0.15317,1766811
8388608,1,16,0,1,0.117548,2727951
8388608,1,16,1,0,0.15317,1766811
8388608,1,16,1,1,0.117548,1753711
8388608,2,16,0,0,0.15317,1766811
8388608,2,16,0,1,0.117548,2727951
8388608,2,16,1,0,0.15317,1766811
8388608,2,16,1,1,0.117548,1753711
8388608,4,16,0,0,0.15317,1766811
8388608,4,16,0,1,0.117548,2727951
8388608,4,16,1,0,0.15317,1766811
8388608,4,16,1,1,0.117548,1753711
8388608,8,16,0,0,0.15317,1766811
8388608,8,16,0,1,0.117548,2727951
8388608,8,16,1,0,0.15317,1766811
8388608,8,16,1,1,0.117548,1753711
8388608,16,16,0,0,0.104178,1646811
8388608,16,16,0,1,0.0905417,2615991
8388608,16,16,1,0,0.104178,1646811
8388608,16,16,1,1,0.0905417,1634911
8388608,32,16,0,0,0.0709855,1534771
8388608,32,16,0,1,0.0637502,2523991
8388608,32,16,1,0,0.0709855,1534771
8388608,32,16,1,1,0.0637502,1526591
8388608,64,16,0,0,0.0362623,1401211
8388608,64,16,0,1,0.0323716,2394731
8388608,64,16,1,0,0.0362623,1401211
8388608,64,16,1,1,0.0323716,1388971
8388608,128,16,0,0,0.0181892,1326731
8388608,128,16,0,1,0.0163535,2333171
8388608,128,16,1,0,0.0181892,1326731
8388608,128,16,1,1,0.0163535,1320931
8388608,256,16,0,0,0.00895486,1289011
8388608,256,16,0,1,0.00824123,2304511
8388608,256,16,1,0,0.00895486,1289011
8388608,256,16,1,1,0.00824123,1287731
8388608,1,32,0,0,0.15317,1766811
8388608,1,32,0,1,0.117548,2727951
8388608,1,32,1,0,0.15317,1766811
8388608,1,32,1,1,0.117548,1753711
8388608,2,32,0,0,0.15317,1766811
8388608,2,32,0,1,0.117548,2727951
8388608,2,32,1,0,0.15317,1766811
8388608,2,32,1,1,0.117548,1753711
8388608,4,32,0,0,0.15317,1766811
8388608,4,32,0,1,0.117548,2727951
8388608,4,32,1,0,0.15317,1766811
8388608,4,32,1,1,0.117548,1753711
8388608,8,32,0,0,0.15317,1766811
8388608,8,32,0,1,0.117548,2727951
8388608,8,32,1,0,0.15317,1766811
8388608,8,32,1,1,0.117548,1753711
8388608,16,32,0,0,0.104178,1646811
8388608,16,32,0,1,0.0905417,2615991
8388608,16,32,1,0,0.104178,1646811
8388608,16,32,1,1,0.0905417,1634911
8388608,32,32,0,0,0.0709855,1534771
8388608,32,32,0,1,0.0637502,2523991
8388608,32,32,1,0,0.0709855,1534771
8388608,32,32,1,1,0.0637502,1526591
8388608,64,32,0,0,0.0362623,1401211
8388608,64,32,0,1,0.0323716,2394731
8388608,64,32,1,0,0.0362623,1401211
8388608,64,32,1,1,0.0323716,1388971
8388608,128,32,0,0,0.0181892,1326731
8388608,128,32,0,1,0.0163535,2333171
8388608,128,32,1,0,0.0181892,1326731
8388608,128,32,1,1,0.0163535,1320931
8388608,256,32,0,0,0.00895486,1289011
8388608,256,32,0,1,0.00824123,2304511
8388608,256,32,1,0,0.00895486,1289011
8388608,256,32,1,1,0.00824123,1287731
16777216,1,1,0,0,0.15317,1766811
16777216,1,1,0,1,0.117548,2727951
16777216,1,1,1,0,0.15317,1766811
16777216,1,1,1,1,0.117548,1753711
16777216,2,1,0,0,0.15317,1766811
16777216,2,1,0,1,0.117548,2727951
16777216,2,1,1,0,0.15317,1766811
16777216,2,1,1,1,0.117548,1753711
16777216,4,1,0,0,0.15317,1766811
16777216,4,1,0,1,0.117548,2727951
16777216,4,1,1,0,0.15317,1766811
16777216,4,1,1,1,0.117548,1753711
16777216,8,1,0,0,0.15317,1766811
16777216,8,1,0,1,0.117548,2727951
16777216,8,1,1,0,0.15317,1766811
16777216,8,1,1,1,0.117548,1753711
16777216,16,1,0,0,0.104178,1646811
16777216,16,1,0,1,0.0905417,2615991
16777216,16,1,1,0,0.104178,1646811
16777216,16,1,1,1,0.0905417,1634911
16777216,32,1,0,0,0.0709855,1534771
16777216,32,1,0,1,0.0637502,2523991
16777216,32,1,1,0,0.0709855,1534771
16777216,32,1,1,1,0.0637502,1526591
16777216,64,1,0,0,0.0362623,1401211
16777216,64,1,0,1,0.0323716,2394731
16777216,64,1,1,0,0.0362623,1401211
16777216,64,1,1,1,0.0323716,1388971
16777216,128,1,0,0,0.0181892,1326731
16777216,128,1,0,1,0.0163535,2333171
16777216,128,1,1,0,0.0181892,1326731
16777216,128,1,1,1,0.0163535,1320931
16777216,256,1,0,0,0.00895486,1289011
16777216,256,1,0,1,0.00824123,2304511
16777216,256,1,1,0,0.00895486,1289011
16777216,256,1,1,1,0.00824123,1287731
16777216,1,2,0,0,0.15317,1766811
16777216,1,2,0,1,0.117548,2727951
16777216,1,2,1,0,0.15317,1766811
16777216,1,2,1,1,0.117548,1753711
16777216,2,2,0,0,0.15317,1766811
16777216,2,2,0,1,0.117548,2727951
16777216,2,2,1,0,0.15317,1766811
16777216,2,2,1,1,0.117548,1753711
16777216,4,2,0,0,0.15317,1766811
16777216,4,2,0,1,0.117548,2727951
16777216,4,2,1,0,0.15317,1766811
16777216,4,2,1,1,0.117548,1753711
16777216,8,2,0,0,0.15317,1766811
16777216,8,2,0,1,0.117548,2727951
16777216,8,2,1,0,0.15317,1766811
16777216,8,2,1,1,0.117548,1753711
16777216,16,2,0,0,0.104178,1646811
16777216,16,2,0,1,0.0905417,2615991
16777216,16,2,1,0,0.104178,1646811
16777216,16,2,1,1,0.0905417,1634911
16777216,32,2,0,0,0.0709855,1534771
16777216,32,2,0,1,0.0637502,2523991
16777216,32,2,1,0,0.0709855,1534771
16777216,32,2,1,1,0.0637502,1526591
16777216,64,2,0,0,0.0362623,1401211
16777216,64,2,0,1,0.0323716,2394731
16777216,64,2,1,0,0.0362623,1401211
16777216,64,2,1,1,0.0323716,1388971
16777216,128,2,0,0,0.0181892,1326731
16777216,128,2,0,1,0.0163535,2333171
16777216,128,2,1,0,0.0181892,1326731
16777216,128,2,1,1,0.0163535,1320931
16777216,256,2,0,0,0.00895486,1289011
16777216,256,2,0,1,0.00824123,2304511
16777216,256,2,1,0,0.00895486,1289011
16777216,256,2,1,1,0.00824123,1287731
16777216,1,4,0,0,0.15317,1766811
16777216,1,4,0,1,0.117548,2727951
16777216,1,4,1,0,0.15317,1766811
16777216,1,4,1,1,0.117548,1753711
16777216,2,4,0,0,0.15317,1766811
16777216,2,4,0,1,0.117548,2727951
16777216,2,4,1,0,0.15317,1766811
16777216,2,4,1,1,0.117548,1753711
16777216,4,4,0,0,0.15317,1766811
16777216,4,4,0,1,0.117548,2727951
16777216,4,4,1,0,0.15317,1766811
16777216,4,4,1,1,0.117548,1753711
16777216,8,4,0,0,0.15317,1766811
16777216,8,4,0,1,0.117548,2727951
16777216,8,4,1,0,0.15317,1766811
16777216,8,4,1,1,0.117548,1753711
16777216,16,4,0,0,0.104178,1646811
16777216,16,4,0,1,0.0905417,2615991
16777216,16,4,1,0,0.104178,1646811
16777216,16,4,1,1,0.0905417,1634911
16777216,32,4,0,0,0.0709855,1534771
16777216,32,4,0,1,0.0637502,2523991
16777216,32,4,1,0,0.0709855,1534771
16777216,32,4,1,1,0.0637502,1526591
16777216,64,4,0,0,0.0362623,1401211
16777216,64,4,0,1,0.0323716,2394731
16777216,64,4,1,0,0.0362623,1401211
16777216,64,4,1,1,0.0323716,1388971
16777216,128,4,0,0,0.0181892,1326731
16777216,128,4,0,1,0.0163535,2333171
16777216,128,4,1,0,0.0181892,1326731
16777216,128,4,1,1,0.0163535,1320931
16777216,256,4,0,0,0.00895486,1289011
16777216,256,4,0,1,0.00824123,2304511
16777216,256,4,1,0,0.00895486,1289011
16777216,256,4,1,1,0.00824123,1287731
33554432,1,1,0,0,0.15317,1766811
33554432,1,1,0,1,0.117548,2727931
33554432,1,1,1,0,0.15317,1766811
33554432,1,1,1,1,0.117548,1753711
33554432,2,1,0,0,0.15317,1766811
33554432,2,1,0,1,0.117548,2727951
33554432,2,1,1,0,0.15317,1766811
33554432,2,1,1,1,0.117548,1753711
33554432,4,1,0,0,0.15317,1766811
33554432,4,1,0,1,0.117548,2727951
33554432,4,1,1,0,0.15317,1766811
33554432,4,1,1,1,0.117548,1753711
33554432,8,1,0,0,0.15317,1766811
33554432,8,1,0,1,0.117548,2727951
33554432,8,1,1,0,0.15317,1766811
33554432,8,1,1,1,0.117548,1753711
33554432,16,1,0,0,0.104178,1646811
33554432,16,1,0,1,0.0905417,2615991
33554432,16,1,1,0,0.104178,1646811
33554432,16,1,1,1,0.0905417,1634911
33554432,32,1,0,0,0.0709855,1534771
33554432,32,1,0,1,0.0637502,2523991
33554432,32,1,1,0,0.0709855,1534771
33554432,32,1,1,1,0.0637502,1526591
33554432,64,1,0,0,0.0362623,1401211
33554432,64,1,0,1,0.0323716,2394731
33554432,64,1,1,0,0.0362623,1401211
33554432,64,1,1,1,0.0323716,1388971
33554432,128,1,0,0,0.0181892,1326731
33554432,128,1,0,1,0.0163535,2333171
33554432,128,1,1,0,0.0181892,1326731
33554432,128,1,1,1,0.0163535,1320931
33554432,256,1,0,0,0.00895486,1289011
33554432,256,1,0,1,0.00824123,2304511
33554432,256,1,1,0,0.00895486,1289011
33554432,256,1,1,1,0.00824123,1287731
33554432,1,2,0,0,0.15317,1766811
33554432,1,2,0,1,0.117548,2727951
33554432,1,2,1,0,0.15317,1766811
33554432,1,2,1,1,0.117548,1753711
33554432,2,2,0,0,0.15317,1766811
33554432,2,2,0,1,0.117548,2727951
33554432,2,2,1,0,0.15317,1766811
33554432,2,2,1,1,0.117548,1753711
33554432,4,2,0,0,0.15317,1766811
33554432,4,2,0,1,0.117548,2727951
33554432,4,2,1,0,0.15317,1766811
33554432,4,2,1,1,0.117548,1753711
33554432,8,2,0,0,0.15317,1766811
33554432,8,2,0,1,0.117548,2727951
33554432,8,2,1,0,0.15317,1766811
33554432,8,2,1,1,0.117548,1753711
33554432,16,2,0,0,0.104178,1646811
33554432,16,2,0,1,0.0905417,2615991
33554432,16,2,1,0,0.104178,1646811
33554432,16,2,1,1,0.0905417,1634911
33554432,32,2,0,0,0.0709855,1534771
33554432,32,2,0,1,0.0637502,2523991
33554432,32,2,1,0,0.0709855,1534771
33554432,32,2,1,1,0.0637502,1526591
33554432,64,2,0,0,0.0362623,1401211
33554432,64,2,0,1,0.0323716,2394731
33554432,64,2,1,0,0.0362623,1401211
33554432,64,2,1,1,0.0323716,1388971
33554432,128,2,0,0,0.0181892,1326731
33554432,128,2,0,1,0.0163535,2333171
33554432,128,2,1,0,0.0181892,1326731
33554432,128,2,1,1,0.0163535,1320931
33554432,256,2,0,0,0.00895486,1289011
33554432,256,2,0,1,0.00824123,2304511
33554432,256,2,1,0,0.00895486,1289011
33554432,256,2,1,1,0.00824123,1287731
33554432,1,4,0,0,0.15317,1766811
33554432,1,4,0,1,0.117548,2727951
33554432,1,4,1,0,0.15317,1766811
33554432,1,4,1,1,0.117548,1753711
33554432,2,4,0,0,0.15317,1766811
33554432,2,4,0,1,0.117548,2727951
33554432,2,4,1,0,0.15317,1766811
33554432,2,4,1,1,0.117548,1753711
33554432,4,4,0,0,0.15317,1766811
33554432,4,4,0,1,0.117548,2727951
33554432,4,4,1,0,0.15317,1766811
33554432,4,4,1,1,0.117548,1753711
33554432,8,4,0,0,0.15317,1766811
33554432,8,4,0,1,0.117548,2727951
33554432,8,4,1,0,0.15317,1766811
33554432,8,4,1,1,0.117548,1753711
33554432,16,4,0,0,0.104178,1646811
33554432,16,4,0,1,0.0905417,2615991
33554432,16,4,1,0,0.104178,1646811
33554432,16,4,1,1,0.0905417,1634911
33554432,32,4,0,0,0.0709855,1534771
33554432,32,4,0,1,0.0637502,2523991
33554432,32,4,1,0,0.0709855,1534771
33554432,32,4,1,1,0.0637502,1526591
33554432,64,4,0,0,0.0362623,1401211
33554432,64,4,0,1,0.0323716,2394731
33554432,64,4,1,0,0.0362623,1401211
33554432,64,4,1,1,0.0323716,1388971
33554432,128,4,0,0,0.0181892,1326731
33554432,128,4,0,1,0.0163535,2333171
33554432,128,4,1,0,0.0181892,1326731
33554432,128,4,1,1,0.0163535,1320931
33554432,256,4,0,0,0.00895486,1289011
33554432,256,4,0,1,0.00824123,2304511
33554432,256,4,1,0,0.00895486,1289011
33554432,256,4,1,1,0.00824123,1287731
33554432,1,8,0,0,0.15317,1766811
33554432,1,8,0,1,0.117548,2727951
33554432,1,8,1,0,0.15317,1766811
33554432,1,8,1,1,0.117548,1753711
33554432,2,8,0,0,0.15317,1766811
33554432,2,8,0,1,0.117548,2727951
33554432,2,8,1,0,0.15317,1766811
33554432,2,8,1,1,0.117548,1753711
33554432,4,8,0,0,0.15317,1766811
33554432,4,8,0,1,0.117548,2727951
33554432,4,8,1,0,0.15317,1766811
33554432,4,8,1,1,0.117548,1753711
33554432,8,8,0,0,0.15317,1766811
33554432,8,8,0,1,0.117548,2727951
33554432,8,8,1,0,0.15317,1766811
33554432,8,8,1,1,0.117548,1753711
33554432,16,8,0,0,0.104178,1646811
33554432,16,8,0,1,0.0905417,2615991
33554432,16,8,1,0,0.104178,1646811
33554432,16,8,1,1,0.0905417,1634911
33554432,32,8,0,0,0.0709855,1534771
33554432,32,8,0,1,0.0637502,2523991
33554432,32,8,1,0,0.0709855,1534771
33554432,32,8,1,1,0.0637502,1526591
33554432,64,8,0,0,0.0362623,1401211
33554432,64,8,0,1,0.0323716,2394731
33554432,64,8,1,0,0.0362623,1401211
33554432,64,8,1,1,0.0323716,1388971
33554432,128,8,0,0,0.0181892,1326731
33554432,128,8,0,1,0.0163535,2333171
33554432,128,8,1,0,0.0181892,1326731
33554432,128,8,1,1,0.0163535,1320931
33554432,256,8,0,0,0.00895486,1289011
33554432,256,8,0,1,0.00824123,2304511
33554432,256,8,1,0,0.00895486,1289011
33554432,256,8,1,1,0.00824123,1287731
33554432,1,16,0,0,0.15317,1766811
33554432,1,16,0,1,0.117548,2727951
33554432,1,16,1,0,0.15317,1766811
33554432,1,16,1,1,0.117548,1753711
33554432,2,16,0,0,0.15317,1766811
33554432,2,16,0,1,0.117548,2727951
33554432,2,16,1,0,0.15317,1766811
33554432,2,16,1,1,0.117548,1753711
33554432,4,16,0,0,0.15317,1766811
33554432,4,16,0,1,0.117548,2727951
33554432,4,16,1,0,0.15317,1766811
33554432,4,16,1,1,0.117548,1753711
33554432,8,16,0,0,0.15317,1766811
33554432,8,16,0,1,0.117548,2727951
33554432,8,16,1,0,0.15317,1766811
33554432,8,16,1,1,0.117548,1753711
33554432,16,16,0,0,0.104178,1646811
33554432,16,16,0,1,0.0905417,2615991
33554432,16,16,1,0,0.104178,1646811
33554432,16,16,1,1,0.0905417,1634911
33554432,32,16,0,0,0.0709855,1534771
33554432,32,16,0,1,0.0637502,2523991
33554432,32,16,1,0,0.0709855,1534771
33554432,32,16,1,1,0.0637502,1526591
33554432,64,16,0,0,0.0362623,1401211
33554432,64,16,0,1,0.0323716,2394731
33554432,64,16,1,0,0.0362623,1401211
33554432,64,16,1,1,0.0323716,1388971
33554432,128,16,0,0,0.0181892,1326731
33554432,128,16,0,1,0.0163535,2333171
33554432,128,16,1,0,0.0181892,1326731
33554432,128,16,1,1,0.0163535,1320931
33554432,256,16,0,0,0.00895486,1289011
33554432,256,16,0,1,0.00824123,2304511
33554432,256,16,1,0,0.00895486,1289011
33554432,256,16,1,1,0.00824123,1287731
33554432,1,32,0,0,0.15317,1766811
33554432,1,32,0,1,0.117548,2727951
33554432,1,32,1,0,0.15317,1766811
33554432,1,32,1,1,0.117548,1753711
33554432,2,32,0,0,0.15317,1766811
33554432,2,32,0,1,0.117548,2727951
33554432,2,32,1,0,0.15317,1766811
33554432,2,32,1,1,0.117548,1753711
33554432,4,32,0,0,0.15317,1766811
33554432,4,32,0,1,0.117548,2727951
33554432,4,32,1,0,0.15317,1766811
33554432,4,32,1,1,0.117548,1753711
33554432,8,32,0,0,0.15317,1766811
33554432,8,32,0,1,0.117548,2727951
33554432,8,32,1,0,0.15317,1766811
33554432,8,32,1,1,0.117548,1753711
33554432,16,32,0,0,0.104178,1646811
33554432,16,32,0,1,0.0905417,2615991
33554432,16,32,1,0,0.104178,1646811
33554432,16,32,1,1,0.0905417,1634911
33554432,32,32,0,0,0.0709855,1534771
33554432,32,32,0,1,0.0637502,2523991
33554432,32,32,1,0,0.0709855,1534771
33554432,32,32,1,1,0.0637502,1526591
33554432,64,32,0,0,0.0362623,1401211
33554432,64,32,0,1,0.0323716,2394731
33554432,64,32,1,0,0.0362623,1401211
33554432,64,32,1,1,0.0323716,1388971
33554432,128,32,0,0,0.0181892,1326731
33554432,128,32,0,1,0.0163535,2333171
33554432,128,32,1,0,0.0181892,1326731
33554432,128,32,1,1,0.0163535,1320931
33554432,256,32,0,0,0.00895486,1289011
33554432,256,32,0,1,0.00824123,2304511
33554432,256,32,1,0,0.00895486,1289011
33554432,256,32,1,1,0.00824123,1287731
